1000
4325 328650
8454 493032
5809 530240
5986 854733
7780 868401
4071 904248
4979 964310
9708 1396509
3733 1693396
5453 1995727
2755 2311747
4375 2539867
1193 2861749
2225 2904475
413 3383327
7318 3541173
9873 3563913
8220 3816282
4117 4143004
4930 4147375
9194 4395600
6197 4574367
9759 4650526
9982 4862368
6937 5133192
4658 5377041
818 5558052
4754 5713441
1866 5907360
6638 6399734
7288 6576170
9916 6990081
6598 7320342
1387 7402646
3691 7669229
2400 7714880
6966 8099805
8180 8261339
8712 8434175
1885 8616129
8993 8893575
9008 8976352
5405 9079384
5414 9209134
5418 9607743
467 10103317
1559 10571142
4050 10648719
3427 10835589
475 11124249
1824 11538976
7590 11655268
2071 12270161
9336 12571401
6008 12679066
5927 12802106
5564 12960834
1124 13384854
2697 13419831
6646 13540771
7746 13586847
4877 13726204
8910 14017025
8441 14096162
6023 14851570
2891 14930447
4647 14970945
1841 15258799
50 15732800
3477 15806202
1804 16378741
2094 16477673
8788 16697585
5481 16906742
9620 16960893
520 16967150
1002 17195507
7274 17369141
698 19189607
4302 19292925
5517 19400199
8251 19485607
2401 20051773
7484 20145045
8956 20235209
1109 20342450
815 20428803
2562 20533136
3981 20718187
8220 20811768
2095 20857567
4573 21301370
7584 21349099
857 21370945
2466 21875279
9865 22099724
3164 22611591
1306 22866893
2165 23550294
5424 23897327
9958 23964687
5636 24098567
8439 24796944
316 24862950
5362 26180170
5024 26463356
56 27630872
6370 27752283
4649 28877581
4847 28911904
6655 28990835
6129 29244060
2079 29282674
5017 29373006
5832 29954911
2777 30050120
7132 30344061
1279 30820102
5465 30821510
2369 30920644
7415 31280247
2000 31931777
6054 32051438
5409 32379595
8329 32598634
9639 32671707
1786 32920710
7594 33140969
6226 33349153
7078 33370210
3101 33454740
6536 33668517
9923 34227174
4309 34971974
1934 35010246
2839 35641756
9116 36392426
4366 36670529
799 36702527
2244 36775013
5935 36937173
7862 37137472
6309 37171284
9886 37364745
6171 37439399
8345 37604181
6702 37879939
8979 38412880
5460 38540922
3773 38763096
4359 38766457
6188 38904996
6522 39301237
7306 39582558
1364 39633054
3679 39653620
4700 39710946
6631 39880546
4136 39971028
4607 40279652
8609 40452686
3677 40742304
2244 41198635
9394 42160595
1228 42608714
6105 42808161
1351 42918039
2217 43971920
6930 45193372
8292 46316177
6508 46840798
6875 47196471
6374 47231663
8304 47325119
8522 47347702
858 48329122
2252 48782295
22 49491401
2056 49549129
737 50335714
4116 50758817
8149 51042625
8558 52661836
1589 52799049
9991 53351214
6152 53809408
2022 54531160
8340 55186822
5785 55321474
2082 55639395
3446 55968003
9811 57133912
5657 58122857
3123 59232341
6517 60037162
1678 60701970
5867 60720616
1715 60768262
7199 60996024
4465 61090158
398 61343656
8288 61383102
9971 61512605
2488 62072104
9368 62251034
2944 62899402
720 62911576
4160 62918297
6540 63524709
8868 64014311
7223 65680584
3175 65826887
3808 66341480
3334 67011823
234 67149620
6889 67868954
6381 68016225
882 69256661
7099 69515408
2152 69992808
4506 70168760
2996 70647685
2793 70789415
4328 71297980
2208 71560884
5553 71770314
3703 72862070
8588 73097705
2163 74082059
3202 74155560
3600 75354268
5856 76440549
6366 76547541
4893 76845265
7358 77374139
3770 77678767
3643 78128842
5757 78230874
715 78577356
4876 78652798
9060 78670834
5846 79432344
4935 79533529
33 80061073
5660 80289430
7110 80540120
1937 80725939
3127 80821602
1991 80846280
6272 81146514
9839 81466435
9721 82154982
6044 82518393
1805 82565814
1581 82760319
4222 82855612
5360 82919666
7044 82994356
3574 83175763
2708 83182860
4066 83612039
3805 83834280
6628 84201508
8800 84602101
8890 84705440
4395 85227659
8786 85232767
1420 85424978
487 85805046
7025 85812359
7539 86982655
3777 87289545
8688 87656993
219 88343066
6534 89082078
3894 90231156
5191 90427304
6272 90726243
6778 91459678
7470 91701775
2759 92285780
2886 92647792
2108 93742265
8664 95385574
2682 96391429
341 98759937
4529 99737000
6236 99967981
9067 100594112
8286 100936702
9440 101385314
9927 101958392
3089 102064267
2780 102494828
9143 102844839
4730 102926165
7150 103077719
4946 103623470
9595 104304615
3199 105897481
7314 106192762
2724 106567758
1775 107098670
2127 107870258
499 108107499
948 108639860
3077 109586846
6737 109983657
1332 110388163
7353 110691315
3949 111462007
2753 111580108
8945 113339004
3604 113481428
4296 113927473
9313 114014015
5722 114114056
2849 114569167
6778 114716433
2940 115725875
4617 115951499
3267 116173055
2114 116307708
4547 116416389
8186 116734456
4239 116737609
2730 116830101
6268 116982490
7402 117222910
6227 117332014
7266 117352797
3587 117379905
8689 117642090
8542 118218904
2257 118419071
8441 119101180
6239 119246551
8447 119555112
1652 119756958
418 119851644
8582 120157359
1710 122266154
7341 122708905
8075 122755406
6193 122909594
6305 123599730
3352 124275679
8279 124438191
8075 124992858
9191 125816276
4866 126058959
9496 126788915
2163 127164274
8336 127819207
1015 127855274
1301 128576358
6509 128904397
8804 129281834
7309 129827940
5775 130877152
7066 130990073
2145 132454177
5785 132675811
9956 133134098
8795 133748757
6815 134360162
1163 136258979
6923 136808261
271 137444431
8732 138249563
7207 138688111
9200 138790257
6297 138823264
9359 141392539
2163 141645851
4265 142062390
7492 142093892
7355 142411283
1377 142455413
2625 143313643
7957 143701371
7817 143790872
2582 144064219
3244 145062359
3271 145714562
377 145871611
9962 145997019
422 146006018
6437 146123926
923 146980334
7667 147267170
3364 147596360
6769 147726500
7453 147882104
2942 148145055
7486 148870518
7238 149382397
8481 150079742
5946 151067594
9639 151189361
9908 152300458
7855 152328442
2707 152730537
8614 152781216
4436 153079356
3045 153754011
8772 154562185
5466 154776034
853 154785688
9758 155454869
2824 155881519
6670 156050697
6861 156727200
1495 157361262
8742 158229290
3776 158821554
6097 161022847
6280 161226966
6798 161281768
8045 161894651
2860 161953179
3603 161990194
6502 162510524
8871 162572072
303 162820956
3967 163788716
5375 164382256
4225 164448614
1180 164522583
7287 165557493
6004 165675198
3314 167000732
1475 167267401
7995 168757599
8412 169848015
1569 169902879
8889 170868308
2541 171428248
1336 173211940
7816 173286737
2214 173395718
4683 173443449
3167 175630876
4979 176023006
2940 176153837
8658 178190455
9024 178284257
7513 179178542
7026 179524826
896 181711980
2747 182129006
4066 182581513
4970 182793461
8012 183957894
2058 184677820
7155 185216990
5617 187502286
9565 187839374
4003 188206959
8538 188790180
2515 188902081
7305 189542116
2518 189618614
2918 189955907
4441 190274618
4040 190433004
1049 190451457
4619 190509779
6264 190783333
7070 190847136
98 190883356
9837 190957569
406 191165078
6316 191530027
2595 192212453
9403 192267094
796 192968537
1558 193127387
7627 193636976
4237 193915168
1971 194454107
8321 194676672
6945 194760940
4111 194989726
2344 195310687
2788 195451457
9259 195938265
2011 196294000
6913 196977463
6908 197171732
7540 198765285
3280 199278197
6979 200592216
2869 201205791
697 201547010
4380 202771903
3554 203802318
661 204661165
8866 205069953
8345 206397340
996 207273242
19 207318903
4385 208408596
7478 208794010
8049 208821971
408 209238810
1332 209701396
3344 210579412
6385 211991931
2070 212178988
2839 212972866
2673 213037169
643 214842163
2300 215848186
5270 215982430
3525 217368565
9108 218717924
6828 218796770
8959 218865736
4422 221777564
2282 221956042
5901 222712557
916 222715961
2348 223062807
6569 224074567
7589 224115831
9998 224337972
7391 224692499
6145 225953502
4525 226298707
7457 226909180
2590 228611208
3137 228729221
7730 229575450
6190 229942460
1110 230640158
9873 230666714
2544 231554529
2232 231956677
1547 232256395
6655 232332692
1176 232620469
9192 233942359
584 234512223
4054 234618423
5605 235271379
5531 235895056
9595 237317496
8528 238323733
2492 238375117
258 239045677
1933 239230311
4258 239252910
8378 239953932
9398 240575668
3338 240803024
6742 242490583
2842 243386362
659 244001868
5202 244136737
7429 244139682
9656 244210692
6429 245123194
4510 245193605
6200 245855983
6103 246798721
9304 247983673
809 248261125
1762 248387666
4611 248950151
8747 249114600
2648 253357748
9908 254119449
6455 254342519
7096 254704453
1454 255085757
6355 255215373
3386 255217180
2404 256021867
8673 256585607
6581 257140568
4789 258362508
9055 259403689
5898 261067587
9462 262918051
5274 265188728
2073 265529113
9906 266902352
4460 268054352
8602 268562375
293 268809975
7756 269312039
6347 269826824
9790 270075063
3570 270090847
4891 271402498
7015 271603095
9573 271859759
2229 272843841
5677 273977875
4035 274289790
580 275087111
1719 275690583
4117 276879284
9641 277213192
9090 280694012
995 281526988
4943 281938110
6106 282479282
5301 283003093
4935 283169828
4465 284688277
1310 284873331
6393 287083771
3512 287261975
8802 287978088
9272 288837663
6715 289633826
7233 291946700
3583 292192560
9996 292252237
4078 292430773
5681 292637099
7503 292686704
6197 295067630
8612 298736135
8032 299881838
7216 300333150
7472 300851804
9321 301240597
3051 301971595
3249 303073720
4357 303190839
3505 304349293
489 304571402
5210 306132699
9584 306733879
8792 307002035
3382 308204708
496 310801726
9289 311218011
1776 312561871
6235 313737042
1195 313793250
8554 314923786
3539 315061592
5161 315739270
6603 316750468
8154 318183714
6769 319616393
4933 320734490
8563 321141394
6907 321680375
5988 322254860
9701 322378442
9319 322707067
7949 323731251
3775 324884262
1222 325141293
1078 326067366
1231 326483498
367 327725220
9991 328031142
9693 328481505
3114 329506259
419 330469592
5954 331402413
7334 331988914
5499 332996397
6402 333172681
7572 333525275
5093 333651247
7474 335585400
819 335906147
9319 336283622
7573 337746035
5623 337817721
1567 338409276
4651 338530902
5118 339188839
2341 339532303
7392 341317193
7499 342728789
6545 344010135
4510 344789340
7055 346495549
8367 347053163
862 348083014
9430 348594989
3425 348917894
4242 349652913
9918 349700273
2170 351687230
9035 352359828
4253 352667965
6351 353660789
779 354875954
3243 356135820
2766 356547718
5528 359695499
4212 359850228
5453 361270029
8367 362837253
8935 363556981
3683 364968300
4563 365409280
3197 366716485
9980 367045751
7561 367119211
5417 367524083
9792 368618496
8105 368907478
2168 373786469
7610 374424296
7087 375341150
7786 376931307
5482 377404743
7752 377741736
6184 378464158
6165 378876219
1350 379263782
2567 380361168
1526 380430167
4996 380592465
8711 380681943
217 381659760
4906 381998602
7348 383133095
9998 383661921
521 384490729
6406 385151588
5507 385171945
9072 385245071
1460 387529214
4691 388166133
8122 389423687
1475 389425726
6202 389644432
8191 392609398
5321 393540645
2921 394001589
5024 394040461
6010 395007976
7263 395535463
9764 398185979
3539 401784790
904 402630554
1928 403339909
5363 404282449
5313 405453479
6453 405553153
767 408881778
3055 412007212
7927 413563142
8842 413935261
5117 414264965
2029 415512277
6872 416268378
9293 416914405
3715 417168637
5297 418924211
9776 420524792
3811 421989711
8661 422511318
2542 422892790
3011 423116121
4799 423805584
2059 425989422
3959 427694151
9482 428755310
863 431510642
172 433207437
8223 433627340
9234 435315805
5438 436993527
4868 438232542
9341 439793278
3101 440156678
8687 440305064
6840 440390329
9170 441109764
6006 443074513
1773 443617634
271 446258758
3432 448250526
7816 449413844
8208 449901241
3573 450125608
5891 453329901
5245 454776630
2653 457158525
2444 461418655
2072 463307477
3251 464765648
275 465111234
4565 466265977
7888 466547995
6111 467747389
6449 468953659
4068 469822035
6969 470356880
4070 470607833
3839 471934831
2826 472256426
5409 473428509
8113 474326336
9918 474594408
6406 474739184
5397 475585453
7277 475611668
7582 477894065
4319 478422695
5012 478506062
2107 481023844
627 481466809
1091 482393624
3422 482639942
9938 483264737
6156 489708953
6321 490130082
125 491177149
1474 491626153
7339 492773850
9494 494741775
2667 495965709
6641 496905264
2918 498459955
4943 499252370
6121 500847591
9822 502317819
2885 503157733
7998 507821902
8119 508429888
1019 511262442
8772 512437481
5334 513482789
5788 513678186
1367 514034229
2250 515299619
2785 519796369
9460 520440868
234 523133639
8785 525034521
6056 528357531
4443 529601104
2584 529797763
8269 532145811
5167 532794840
1717 532831266
1627 533870043
5583 535954073
9520 540267573
6990 541193666
5036 541389057
1341 545768415
1898 546902247
5722 547735651
4161 550515124
1697 550650645
4560 550655955
416 551865934
2564 551986001
2815 553321282
8777 557578789
1456 559432609
5224 564094274
8763 565388071
6027 567180143
8491 567439940
1147 568060100
7781 569195310
1267 571848952
3002 574783120
4709 578680421
8427 579969143
4421 582616954
2522 584145220
9903 585958260
6638 587427434
1608 588536221
3258 589935684
8027 591533015
1546 593270785
3442 593758313
492 595054721
4335 596663873
9206 599640700
5190 602194971
1995 602590383
8127 603999100
4500 606087202
9499 608486592
1102 608791171
1389 609196109
5233 609321525
6640 611300245
99 615354496
8517 615509704
318 616319581
692 617476373
4099 617698619
2039 617771632
2334 626792570
87 628703154
9508 632423735
6231 632773935
6806 633038163
8591 633206011
7666 635099156
7397 639658620
2038 641552931
1500 643727934
6564 644865003
4540 646506146
9746 648398488
37 654664194
7817 655717890
7749 661034830
1378 664221322
578 664486335
4414 666340159
7384 666625471
9853 667275697
8494 667407921
1546 669061448
4628 669504842
1135 669931027
7436 673060858
5387 673108002
878 676992991
2215 680073788
213 681789596
384 683194520
6048 683831283
4826 685630754
4660 686858462
4506 689215532
7142 689494382
9874 693003179
400 695253631
841 703241664
4926 710337853
5698 710596767
114 713276818
4446 718434591
1567 727213056
6471 727370977
3700 734755063
585 736075398
2581 739807572
943 743356879
1941 750203088
5853 751598642
3803 752629313
6793 757594845
1428 758449251
5973 760968215
6784 775867673
3025 776538778
2422 780244440
1504 781540681
406 781589552
8572 784372863
3514 786860697
45 787182246
3151 787205226
9852 789643111
7406 793764735
5375 797540174
9914 799379810
4300 803969169
8441 805905860
6660 813892896
6526 815022902
5242 819234230
7785 829436385
7586 830094931
4450 843510234
7195 846192193
6462 850746147
5434 852171936
5877 854846608
2878 855527671
649 865849942
8510 871528714
8958 873841858
4987 874319547
3872 880955149
6770 881335465
175 895965367
1082 912054587
9627 917400240
998 922443850
5504 927553072
3108 933005346
9091 944792650
6700 945591464
2021 948767150
8364 967171011
3689 994088449
