13 3
5 13 7130
11 13 2473
8 9 5514
157
5 8 9420
1 3 3933
13 8 5694
9 2 2671
12 6 2614
12 4 2654
9 2 1714
4 5 3132
7 9 3629
4 3 6480
3 12 2878
12 4 7813
1 12 7918
13 10 2746
13 12 9356
1 8 4664
11 6 1954
1 10 2758
1 3 4999
11 8 8650
3 7 2456
6 5 6279
1 7 2663
9 5 4214
8 11 4596
5 8 3328
11 7 6413
4 5 475
3 6 1162
7 3 3978
8 9 7269
1 4 5408
12 1 6656
11 9 5148
13 4 1033
3 13 8404
6 3 7703
12 4 8098
10 8 6004
5 2 6453
9 10 7993
2 10 833
6 7 9581
4 6 3289
3 5 4481
1 8 396
13 11 664
12 2 6140
10 9 278
7 4 745
7 13 4728
11 6 8984
4 12 7192
12 7 3464
8 7 2518
5 8 8980
9 2 5934
11 10 7656
12 5 2843
2 8 1223
2 9 8302
9 10 3753
11 8 278
7 4 7886
10 7 7370
9 6 4780
12 8 2840
8 2 2910
10 7 2159
3 13 2253
8 10 9769
13 7 7020
8 7 6760
10 5 2064
7 2 1376
3 13 3755
1 12 4168
7 6 8865
8 12 9618
11 2 9211
8 7 9244
2 5 9675
1 4 1479
10 4 6879
1 4 587
6 1 3031
3 13 4134
7 1 6593
2 9 2897
5 1 2624
4 12 7980
11 7 8785
2 11 5346
2 1 4463
8 12 4510
13 8 9210
13 7 256
13 1 2385
7 1 5964
6 8 1904
11 6 850
7 5 4900
12 13 4445
12 1 3356
5 13 6440
1 10 6859
8 1 3613
12 1 2023
6 5 2702
6 9 8328
1 5 5140
5 7 487
2 6 313
13 4 2687
9 6 8333
1 9 3858
8 11 3895
10 1 2243
1 3 3242
13 3 9955
3 7 7384
4 12 1049
5 9 9519
3 9 7503
7 9 8871
5 13 8435
7 5 669
10 6 4925
10 6 5140
4 10 5245
2 10 1744
11 7 5103
1 8 3279
6 7 9832
4 2 9793
7 2 6978
4 6 7424
4 8 9119
8 6 7471
2 11 1032
11 7 3253
7 12 4461
7 12 4259
2 9 8533
12 10 7864
13 1 8433
7 1 4614
10 7 6394
8 2 6662
8 11 5934
7 5 4136
6 10 4734
9 10 1336
4 12 2734
13 6 2156
13 3 7530
8 9 9898