100 10000 1 100
1 2
2 3
3 4
4 5
5 6
6 7
7 8
8 9
9 10
10 11
11 12
12 13
13 14
14 15
15 16
16 17
17 18
18 1
19 20
20 21
21 22
22 23
23 24
24 25
25 26
26 27
27 28
28 29
29 30
30 31
31 19
32 33
33 34
34 35
35 36
36 37
37 38
38 39
39 40
40 41
41 32
42 43
43 44
44 42
45 46
46 47
47 48
48 49
49 50
50 51
51 52
52 53
53 54
54 45
55 56
56 57
57 58
58 59
59 60
60 61
61 62
62 63
63 64
64 65
65 66
66 67
67 68
68 69
69 70
70 55
71 72
72 73
73 74
74 75
75 76
76 77
77 78
78 79
79 80
80 81
81 82
82 83
83 84
84 85
85 86
86 87
87 88
88 89
89 90
90 71
91 92
92 91
93 94
94 95
95 96
96 97
97 98
98 99
99 100
100 93
85 92
30 51
89 93
33 41
41 73
85 90
86 99
57 98
39 59
60 73
95 100
35 46
16 69
100 100
51 62
58 92
49 91
19 38
57 64
28 45
91 92
20 50
72 91
99 100
39 54
24 74
40 41
69 77
3 23
26 34
38 79
80 80
19 84
72 88
36 88
3 11
52 70
11 72
55 59
23 31
100 100
3 32
62 72
59 64
24 100
13 97
26 95
33 69
5 46
96 98
56 61
46 99
96 100
36 76
61 75
54 78
50 58
98 99
38 74
85 99
88 92
54 91
96 100
44 72
52 56
23 86
6 43
98 98
34 66
99 99
34 63
59 81
52 70
8 21
32 70
40 63
39 69
64 84
27 50
57 58
43 63
81 85
94 99
2 7
11 90
94 99
12 93
86 91
7 51
57 89
96 96
27 70
24 85
55 59
42 53
89 96
32 46
95 98
12 100
86 96
11 63
51 85
77 83
24 80
87 95
1 72
66 73
63 80
29 98
68 85
20 57
70 71
41 51
84 97
7 93
55 59
18 38
90 93
71 83
44 94
100 100
89 93
97 100
71 93
72 97
38 85
94 94
42 85
95 97
93 100
12 24
56 67
23 39
25 58
84 89
26 42
53 83
64 86
34 63
91 97
46 52
61 89
84 91
93 96
22 58
29 49
16 57
17 73
16 77
2 49
28 75
63 72
64 67
31 41
73 76
3 97
43 68
61 64
62 66
86 93
22 98
96 100
89 95
43 69
59 86
60 62
37 57
58 90
47 86
57 88
30 85
72 97
26 75
27 99
83 85
97 98
95 96
90 98
23 23
48 60
85 99
32 33
62 74
59 77
55 78
70 97
73 98
33 92
29 80
38 64
97 99
14 18
80 82
4 58
32 79
63 88
94 99
44 70
74 74
95 97
12 73
26 78
25 97
38 100
54 74
3 93
98 98
2 64
50 99
25 78
82 91
93 99
90 99
23 24
30 38
1 18
77 82
42 52
96 100
84 91
42 87
93 100
7 54
40 63
85 90
33 57
91 95
56 81
80 92
50 56
10 53
61 74
12 80
65 93
12 63
6 37
33 69
72 84
92 93
16 69
65 94
41 63
29 33
79 96
78 100
7 81
42 51
3 65
83 96
35 93
90 95
60 97
75 98
68 92
12 13
95 100
6 98
84 88
56 87
39 88
94 95
33 35
45 96
100 100
59 74
21 35
29 31
7 83
47 61
70 73
77 77
24 90
95 95
30 62
50 97
18 87
81 100
32 41
24 32
35 78
12 90
18 88
87 95
54 79
71 96
25 46
85 89
91 98
90 96
72 85
41 84
14 82
90 91
33 44
68 81
36 74
50 64
54 74
2 8
53 87
33 80
13 89
85 86
65 82
17 94
33 82
15 43
3 44
79 90
95 97
19 53
12 61
84 91
45 70
72 93
5 33
58 99
7 17
13 18
24 73
73 95
29 49
42 56
36 72
74 81
38 59
41 54
14 59
95 95
76 90
39 94
81 98
41 55
6 75
61 80
27 31
89 97
41 47
11 12
45 48
72 76
11 46
52 98
71 77
4 81
55 63
39 62
69 86
80 89
38 43
4 49
7 74
35 41
39 87
33 58
6 6
37 60
21 66
18 51
89 100
93 100
52 85
94 98
33 77
41 92
64 77
3 36
14 84
85 90
94 94
74 91
72 100
73 89
8 41
33 45
58 66
22 96
33 97
42 78
86 88
30 34
99 100
11 16
71 73
12 49
67 69
80 98
10 25
84 97
5 76
35 36
5 20
53 68
57 58
77 78
79 94
85 95
23 73
25 51
14 53
64 91
84 86
56 61
28 93
13 30
2 74
20 43
43 86
48 98
48 95
77 86
81 93
51 82
44 74
4 80
60 85
21 68
64 88
58 83
82 98
6 28
26 60
6 70
23 31
40 82
55 72
11 45
66 98
7 25
67 93
23 46
100 100
35 84
19 68
62 84
73 85
41 61
58 69
92 92
9 98
65 80
89 94
94 96
92 96
71 93
55 83
9 78
39 48
93 97
94 98
64 64
12 62
6 44
76 96
1 95
14 32
99 99
23 39
68 99
59 96
61 64
33 91
11 70
91 99
21 80
24 59
11 15
20 77
87 92
55 91
6 51
25 81
14 96
59 69
91 93
77 100
34 89
56 84
29 74
86 96
13 60
74 93
72 74
100 100
43 98
27 96
3 60
6 25
25 78
91 93
8 39
72 75
82 95
4 72
51 71
28 100
65 74
38 64
71 75
28 75
1 62
57 62
72 77
37 60
14 85
11 14
51 94
44 45
33 47
89 100
53 57
31 54
79 82
70 82
48 66
64 67
22 74
100 100
80 94
7 48
31 97
37 69
4 79
71 80
86 95
16 71
58 100
61 75
58 100
21 55
31 64
9 64
10 37
45 56
80 94
83 96
1 90
83 93
6 76
47 91
78 97
16 36
52 86
22 23
9 89
100 100
67 87
42 95
1 60
2 47
17 67
78 100
79 86
57 96
47 75
71 72
46 90
85 97
97 99
32 52
9 25
46 92
25 96
56 73
66 96
49 87
45 47
46 96
63 80
61 99
5 75
60 78
64 64
80 94
13 61
53 53
70 96
27 83
94 99
53 89
51 61
22 42
80 84
57 67
83 94
61 75
77 83
5 93
44 59
16 85
10 50
60 91
76 90
4 31
75 81
47 78
66 92
51 62
88 93
59 87
72 81
16 54
79 82
74 88
100 100
5 19
79 94
6 42
78 93
36 64
35 61
66 68
28 53
98 100
55 89
6 68
70 82
79 91
50 98
52 69
50 97
24 51
31 92
17 69
33 94
71 84
17 61
44 100
89 99
14 40
87 93
4 60
49 80
1 70
12 18
29 73
48 74
4 41
67 72
8 49
66 78
57 79
56 93
99 100
72 83
52 81
10 14
1 59
21 53
90 92
75 83
11 55
16 93
45 54
39 55
92 98
7 17
3 8
69 76
91 100
35 71
87 92
68 73
19 56
65 73
86 98
36 92
82 83
82 99
35 35
19 80
39 53
84 86
76 96
32 56
22 77
40 65
91 96
27 57
64 79
30 70
22 30
43 60
33 57
44 91
63 96
98 99
56 64
3 23
9 98
69 86
46 74
84 84
65 70
6 70
51 98
72 73
25 55
31 33
72 93
33 37
8 52
22 82
63 77
66 100
24 81
59 65
22 45
3 12
3 42
76 95
73 100
11 34
19 60
26 70
47 67
52 71
15 46
21 83
61 70
83 93
11 19
36 98
23 58
69 70
63 96
62 62
69 73
75 80
21 52
66 77
55 80
74 75
50 79
48 50
61 94
96 99
18 85
50 99
68 93
53 61
61 86
40 51
87 97
59 73
78 93
48 82
3 61
43 44
84 99
39 85
15 64
86 91
19 100
74 93
49 85
68 97
12 49
10 92
55 60
28 74
62 74
88 89
39 84
3 35
6 32
17 71
60 100
4 16
56 75
32 90
10 23
94 98
88 100
87 100
14 36
86 100
10 90
86 91
64 76
1 66
38 51
64 76
71 96
4 68
93 97
68 70
68 93
15 87
25 27
76 87
11 32
37 60
85 94
30 84
49 73
58 62
99 100
38 84
40 78
76 97
88 89
81 93
86 92
83 89
88 90
2 59
79 96
89 93
11 90
27 60
46 87
63 65
97 98
92 92
68 100
13 85
35 56
88 90
72 91
90 91
100 100
39 47
88 90
53 72
9 68
38 57
87 99
5 30
73 83
30 95
66 98
11 52
81 96
93 97
15 20
27 60
17 56
51 66
24 74
79 97
94 95
79 90
81 92
47 57
94 94
40 91
58 93
70 71
7 44
88 100
42 68
91 96
52 75
88 98
51 65
49 51
6 8
82 83
47 56
52 77
88 90
65 79
48 97
93 98
52 65
81 100
66 72
14 58
48 74
52 68
43 64
20 72
17 43
66 80
18 43
55 98
48 100
2 84
81 99
18 86
16 55
3 81
5 83
100 100
9 59
1 33
18 34
80 93
60 64
41 68
69 75
25 52
88 94
100 100
84 89
55 82
63 88
72 94
25 40
53 67
35 69
9 38
44 71
56 57
62 65
97 100
88 99
38 39
27 72
93 98
26 39
81 85
18 89
22 43
69 100
80 93
55 56
36 45
91 97
46 55
44 85
15 59
75 93
70 83
34 51
37 76
21 39
80 83
100 100
10 85
94 98
62 87
20 20
68 94
17 66
84 96
57 64
27 54
39 46
1 11
15 70
42 88
95 96
67 97
90 100
12 21
99 100
47 62
51 70
72 72
85 86
71 78
77 88
21 59
71 100
46 56
33 98
34 48
88 90
100 100
63 99
23 38
60 70
51 73
91 95
67 95
40 86
83 89
12 41
32 71
3 44
59 89
81 84
62 69
79 97
69 83
55 83
93 100
2 76
98 98
80 87
30 59
69 73
59 82
63 63
21 62
16 73
30 92
13 38
94 97
64 87
67 85
98 98
24 58
91 100
43 78
18 92
89 100
4 58
81 88
25 57
1 97
29 90
16 30
44 86
18 28
79 89
94 95
53 60
69 76
42 45
48 52
38 70
24 25
57 68
63 88
22 66
34 59
14 95
48 98
51 55
42 100
44 68
13 39
75 91
40 51
8 46
75 92
27 52
2 3
85 85
58 86
7 14
40 52
16 82
24 25
4 20
57 80
52 68
66 67
44 71
60 71
27 98
93 95
5 22
44 78
19 55
22 35
59 75
57 66
58 95
46 86
38 76
13 59
11 37
23 100
72 97
15 98
78 81
5 29
21 79
23 95
8 81
11 12
86 99
75 79
76 79
51 78
13 42
8 35
3 52
29 93
100 100
35 64
53 93
17 99
14 41
1 11
38 65
88 95
25 92
39 39
19 19
15 29
86 98
62 92
26 28
96 96
28 39
77 82
21 54
39 47
88 97
54 82
47 86
50 74
6 94
13 94
9 19
50 75
40 48
85 98
19 37
40 43
82 95
81 83
97 99
17 38
44 74
52 73
15 77
34 57
92 97
13 87
21 38
36 69
87 90
32 50
35 91
80 93
20 73
7 98
73 86
33 66
5 29
45 94
64 87
73 82
32 99
11 90
32 64
56 75
36 54
50 80
5 16
74 76
61 66
66 77
54 79
39 74
59 73
75 87
100 100
78 78
12 74
62 73
4 80
31 95
85 95
40 98
69 84
44 69
18 20
96 96
87 89
25 58
23 75
64 67
67 79
24 30
7 59
75 89
8 20
53 97
1 82
86 87
15 27
55 59
97 99
47 92
100 100
49 85
40 87
60 60
59 77
26 82
58 83
82 92
92 99
14 29
73 73
60 85
40 78
71 90
69 70
24 67
98 98
41 88
82 87
29 37
46 64
33 36
27 34
31 95
85 91
78 97
55 100
53 89
87 99
27 90
31 63
22 22
32 97
63 86
17 95
54 84
11 92
65 84
80 98
26 82
58 69
44 95
94 95
47 99
44 99
61 83
41 42
19 20
26 34
52 95
6 60
74 80
79 84
46 87
5 32
86 96
96 99
50 78
67 72
68 69
76 90
79 95
86 97
13 78
56 96
43 96
72 74
46 94
89 89
100 100
85 98
89 96
25 48
66 100
8 22
5 16
94 98
62 63
14 29
26 32
7 47
46 55
100 100
50 66
89 97
58 73
100 100
29 40
55 81
37 58
51 70
26 56
86 89
22 24
70 75
92 96
38 97
71 73
69 100
14 93
75 76
18 91
58 86
55 79
2 38
38 53
24 53
90 100
21 91
42 57
57 64
71 81
26 35
99 99
19 90
57 88
20 97
82 98
59 90
34 45
60 81
23 87
14 30
7 79
74 92
44 44
75 80
41 41
54 93
46 100
54 74
16 73
7 13
22 27
68 94
56 58
75 85
6 7
69 78
75 97
69 84
18 87
85 89
68 96
86 89
32 46
3 81
48 48
97 99
80 86
45 92
59 66
62 99
44 48
69 82
75 79
75 95
57 84
42 60
34 78
62 95
80 85
25 93
63 71
64 72
67 100
72 80
41 75
54 58
61 91
87 99
79 80
3 30
57 57
30 100
77 83
39 69
52 89
72 77
89 97
94 100
98 100
35 43
80 96
90 92
53 100
22 43
11 68
45 46
50 75
61 97
54 85
44 63
74 84
29 54
12 44
51 63
90 91
5 55
8 11
26 94
84 94
70 79
10 52
1 53
8 86
76 96
76 76
21 31
47 75
34 51
98 98
74 99
31 89
91 91
83 86
26 64
53 57
87 90
41 66
88 97
66 69
42 64
73 80
91 97
7 60
30 89
73 77
14 94
13 36
56 76
75 91
35 99
65 65
94 98
89 97
61 62
69 72
88 98
27 71
53 93
25 93
78 83
11 34
6 34
27 67
92 94
78 80
4 88
60 80
3 70
52 86
93 97
29 92
41 97
43 90
15 65
11 15
76 83
40 47
23 35
39 77
23 81
38 47
2 6
82 84
88 96
86 87
63 76
94 99
17 65
41 68
2 28
75 75
75 79
10 36
87 90
47 91
34 68
56 84
4 57
11 100
19 34
1 66
63 88
15 64
64 91
33 41
77 83
66 76
64 73
88 99
29 98
88 93
32 63
15 63
66 84
62 95
59 96
91 96
33 69
14 84
27 90
47 85
20 79
36 78
50 97
29 95
58 81
2 18
94 99
89 96
56 69
24 69
69 96
5 69
54 63
81 86
73 90
98 99
87 90
5 41
41 58
42 49
97 100
32 38
18 18
36 69
19 38
18 55
35 40
43 78
21 79
45 63
34 56
55 88
79 93
64 69
5 41
55 62
78 87
24 55
34 49
69 79
78 84
1 44
39 83
61 83
70 78
70 74
39 43
6 64
7 59
74 91
71 74
48 82
46 48
92 96
34 60
84 90
1 98
72 94
93 93
31 77
54 66
56 83
7 54
27 30
96 99
100 100
30 32
20 29
87 93
89 99
68 99
69 69
1 68
62 68
100 100
80 80
100 100
6 95
54 83
46 47
80 94
40 92
2 60
60 92
39 59
71 74
50 78
59 86
100 100
6 51
92 96
58 74
48 59
61 64
25 69
42 49
42 58
98 98
32 83
9 59
14 76
62 79
23 68
48 57
5 73
41 79
65 86
95 97
14 33
97 100
27 94
17 79
3 58
48 51
31 82
93 95
67 99
57 77
88 93
10 64
25 95
43 51
8 31
79 81
95 99
94 95
24 61
93 100
1 52
32 57
67 69
56 87
66 84
22 27
44 63
10 58
22 31
24 87
72 96
84 86
66 100
36 97
81 95
74 78
83 98
63 67
5 89
68 91
23 24
55 97
83 92
100 100
99 100
63 63
1 88
1 60
80 83
7 82
84 94
58 74
9 35
25 52
72 84
47 100
67 96
29 40
94 98
15 81
37 54
46 62
71 87
77 88
64 64
30 83
24 63
56 73
84 93
2 88
88 90
99 99
97 98
83 86
23 48
13 69
95 95
91 95
15 17
45 84
62 77
30 63
74 86
67 74
87 90
18 50
38 89
82 96
61 74
31 82
17 39
4 98
45 48
91 100
65 70
57 85
58 73
3 96
80 80
12 60
14 56
28 79
29 64
40 84
51 61
15 59
45 62
49 77
35 91
6 94
43 67
17 26
21 36
81 85
9 61
63 71
69 100
97 98
1 100
43 97
72 78
57 66
9 47
32 60
94 99
64 70
71 94
84 84
90 98
100 100
57 80
80 100
69 89
21 62
22 53
6 31
72 72
71 81
36 49
20 75
61 92
100 100
28 43
4 36
22 90
95 100
53 85
42 92
42 49
4 42
53 80
68 72
77 83
17 77
14 25
39 47
52 62
15 83
90 90
7 11
79 99
75 90
48 53
47 61
94 98
82 90
17 56
86 94
93 96
21 30
64 89
63 66
96 97
17 59
62 93
78 89
75 90
52 88
90 92
81 83
75 94
95 100
67 79
72 95
35 54
10 47
97 97
85 95
32 71
46 61
75 87
89 97
98 98
6 94
24 37
49 92
48 71
22 54
77 77
90 92
64 74
19 96
85 88
89 95
12 13
18 77
58 74
95 95
78 97
21 21
21 95
75 79
54 95
76 100
61 81
23 44
86 87
81 100
33 62
43 83
33 95
45 99
61 71
10 16
65 67
84 100
13 91
39 46
43 76
73 99
51 92
76 91
19 83
36 93
36 82
35 74
34 100
46 95
39 89
60 74
78 90
84 84
61 96
36 52
13 72
69 72
78 100
74 82
91 95
23 70
86 88
4 41
3 26
42 90
33 34
66 93
54 90
50 71
20 22
19 71
40 61
51 89
34 63
91 97
77 84
92 100
4 77
11 32
69 70
61 64
49 64
28 40
72 96
76 92
42 73
24 28
6 59
81 89
39 63
23 97
25 53
53 73
69 81
40 65
6 97
95 97
89 97
38 54
20 52
62 72
4 21
43 96
81 98
53 65
73 80
56 81
67 96
59 73
57 89
87 93
5 70
7 10
16 36
71 71
3 98
78 78
81 88
52 52
5 64
68 89
49 96
56 95
12 29
30 72
40 97
75 80
27 69
35 98
51 79
56 97
99 100
30 90
73 76
14 46
96 100
94 99
3 81
17 53
79 96
58 96
83 87
10 52
50 99
13 42
48 53
78 79
2 53
91 91
76 81
15 15
24 100
2 96
65 66
9 74
96 96
35 39
81 93
18 68
61 99
82 92
86 89
35 40
48 78
77 95
83 98
53 81
97 98
38 44
65 79
96 99
8 81
92 94
87 91
80 81
60 71
86 99
6 9
51 68
84 88
100 100
45 72
21 34
69 97
8 66
58 95
96 99
1 25
62 79
19 53
60 60
24 38
72 99
79 80
36 49
2 17
12 13
11 72
95 99
42 47
65 96
61 85
8 10
74 94
49 85
88 95
78 95
76 76
22 63
33 58
16 73
42 87
68 81
87 99
2 22
91 97
25 37
53 74
87 87
36 91
25 86
67 76
5 30
17 94
90 92
96 100
40 87
85 98
93 97
11 35
60 87
9 83
7 35
70 73
42 96
77 88
66 79
90 92
3 91
21 52
97 100
89 91
8 89
58 75
47 72
51 63
35 38
95 98
73 97
84 100
33 80
28 86
19 31
20 38
14 87
50 64
71 91
59 65
44 87
33 74
62 77
61 78
84 92
93 100
81 89
24 84
8 30
34 45
97 98
13 49
71 87
36 99
40 90
51 53
52 82
95 96
38 78
35 74
47 59
63 75
28 53
45 95
34 63
17 52
56 63
22 25
25 88
25 42
67 77
67 80
95 100
3 49
78 79
53 85
19 46
38 93
82 92
67 70
64 95
12 61
48 87
94 98
14 39
43 85
58 92
9 76
19 91
97 97
56 83
57 72
50 81
33 61
79 97
39 82
75 83
96 99
33 77
69 87
96 97
57 83
15 17
73 90
90 98
30 64
82 97
57 76
38 87
73 91
59 95
100 100
89 99
95 96
71 93
51 68
48 95
48 76
47 88
77 89
28 36
96 99
1 19
16 45
72 82
92 100
97 100
22 82
22 62
8 81
61 94
73 91
34 34
43 49
98 98
75 100
7 78
70 72
96 98
67 96
92 97
72 88
42 90
2 73
40 68
83 100
4 84
26 57
38 64
10 67
83 96
47 82
54 98
37 50
89 91
29 35
58 100
41 61
74 75
67 96
61 98
77 85
4 96
63 79
64 72
65 80
20 46
63 77
80 84
95 95
34 87
90 91
17 71
65 87
13 14
37 86
27 87
61 78
1 20
35 78
99 100
33 58
27 64
93 100
50 92
51 63
88 100
26 32
3 98
98 98
15 39
29 92
60 99
79 96
6 27
18 47
24 58
21 70
97 98
100 100
52 81
25 78
83 89
50 70
34 36
64 93
3 99
54 57
8 34
28 81
33 33
16 84
99 100
10 49
90 91
45 98
90 98
82 88
15 24
93 99
51 92
1 9
42 64
48 83
69 97
6 85
32 42
98 98
40 60
95 97
1 10
43 46
55 95
65 84
20 95
56 72
77 77
27 42
60 71
79 100
62 82
68 92
88 92
91 97
51 70
80 97
64 76
10 61
61 87
63 80
69 85
61 88
62 76
69 90
29 72
44 65
90 93
35 43
25 27
84 88
19 63
49 81
81 100
54 82
70 72
38 53
35 67
31 87
36 40
100 100
17 73
98 99
78 99
49 72
2 6
27 71
22 70
31 62
93 96
16 30
35 95
36 40
66 82
79 95
85 89
71 73
31 96
26 59
6 85
89 100
49 72
2 73
86 90
33 83
8 54
23 57
60 94
13 60
6 95
51 78
79 99
78 88
85 87
6 39
2 14
20 89
96 98
81 98
60 85
39 67
6 64
72 75
100 100
67 86
7 28
82 97
10 20
25 100
57 79
80 99
17 20
13 75
48 88
66 76
80 87
46 75
66 66
49 84
37 49
12 74
88 89
72 94
24 82
69 81
64 86
84 86
24 83
84 91
9 48
87 98
65 69
92 95
78 87
72 84
29 45
36 82
75 90
49 99
52 93
69 73
93 98
80 83
12 37
29 59
55 86
3 71
56 99
68 88
92 100
85 99
65 97
73 77
58 70
2 23
9 34
69 89
2 33
62 87
55 79
89 96
61 73
67 67
18 34
99 100
69 100
26 44
77 78
37 41
2 85
83 91
36 84
54 96
81 99
50 71
85 93
15 46
45 51
26 64
93 96
31 56
69 97
97 98
25 56
51 69
7 56
34 36
21 44
55 71
95 97
22 56
20 47
3 68
89 96
24 28
17 58
15 40
23 100
94 94
48 97
84 92
40 42
97 99
75 94
16 61
76 77
24 57
94 97
62 88
82 83
98 98
12 50
84 85
1 47
71 83
79 94
50 92
42 72
7 72
96 98
90 100
60 60
28 34
97 97
43 58
47 56
78 82
48 49
81 88
37 78
50 60
99 99
40 83
22 47
61 73
98 98
8 92
19 96
96 100
3 88
78 97
78 88
95 95
87 88
26 44
72 94
42 86
10 73
91 100
90 96
13 79
86 95
82 95
60 60
58 85
8 16
76 89
73 76
34 68
7 20
19 35
50 93
24 92
32 55
85 97
62 63
54 92
48 90
33 90
97 100
1 43
62 80
24 93
98 98
13 67
41 55
37 84
50 81
95 99
11 86
81 85
24 45
93 97
96 100
60 99
44 87
78 91
32 34
54 75
55 65
11 15
8 15
3 13
58 85
23 85
73 85
15 35
62 98
44 63
22 64
75 90
18 98
31 93
41 71
74 79
16 30
32 41
50 57
17 36
56 95
64 83
31 79
4 63
38 70
6 79
77 86
35 66
74 86
3 86
62 72
41 44
95 95
45 52
21 35
24 25
37 56
75 87
57 62
43 63
74 99
79 88
62 72
38 60
38 41
91 100
23 66
54 80
66 99
45 81
2 34
47 56
25 41
35 47
35 43
68 82
70 97
56 66
33 87
67 97
68 85
61 83
72 95
58 100
15 42
24 29
25 60
54 67
16 49
57 57
41 85
32 70
60 73
60 73
30 94
75 75
29 42
36 92
76 85
40 88
92 99
67 86
74 86
58 82
41 90
75 78
34 40
94 96
15 93
71 98
17 65
100 100
21 94
68 92
88 95
68 73
86 96
53 82
20 24
18 55
70 100
59 82
96 98
94 94
74 93
2 26
5 48
21 46
48 94
38 42
85 87
22 57
56 72
90 93
21 35
34 67
73 84
37 83
25 27
85 98
14 18
92 93
32 95
62 85
81 94
89 97
89 91
91 96
96 99
83 90
55 80
87 92
59 59
95 97
10 84
94 97
47 54
73 86
16 27
28 100
34 67
21 24
16 44
78 79
4 8
95 95
51 73
3 24
39 45
87 92
22 49
29 91
57 95
73 93
98 100
98 99
49 53
35 72
64 93
27 86
81 94
18 84
61 92
21 55
63 91
57 61
23 92
42 53
63 88
85 98
5 55
32 99
43 79
22 70
87 100
31 31
31 32
8 64
88 97
18 32
77 88
11 75
23 44
98 99
87 95
60 100
51 77
35 90
36 58
38 38
59 65
93 98
62 96
14 61
22 48
56 93
39 67
19 46
55 84
4 73
55 71
43 70
2 59
54 68
15 83
32 49
2 25
25 29
18 78
11 19
5 73
6 100
71 95
44 87
39 95
81 85
96 100
41 93
11 80
17 57
42 53
46 71
96 100
88 97
78 93
72 76
2 25
84 91
65 77
11 16
47 76
91 97
73 91
58 58
18 46
29 86
75 77
55 89
7 39
85 88
59 65
64 65
61 90
19 95
55 55
71 87
2 82
80 83
56 58
58 77
15 78
73 75
79 87
56 77
54 56
64 87
81 89
47 82
17 45
14 21
4 24
40 65
18 24
100 100
83 86
66 79
14 29
9 47
58 84
47 53
8 46
53 62
68 89
45 52
60 66
54 100
15 17
26 54
25 91
86 97
96 98
69 90
14 93
77 78
48 58
15 87
58 91
89 95
44 52
75 89
100 100
33 41
29 89
34 53
8 38
78 87
37 68
47 64
68 92
62 85
24 86
80 86
52 88
87 99
40 95
16 56
30 66
25 41
54 59
27 67
71 76
68 88
55 73
13 87
80 97
59 83
95 96
87 96
18 22
44 75
53 87
76 76
98 98
82 89
70 99
2 7
5 35
20 93
33 47
70 87
42 80
77 93
9 48
11 18
75 98
31 79
19 81
24 48
8 38
98 100
56 87
77 88
88 93
47 51
25 65
18 79
66 83
31 86
18 80
53 76
92 99
32 84
78 88
55 55
80 96
83 89
1 73
38 97
82 82
73 73
21 81
50 75
47 53
21 83
6 42
11 51
94 94
75 76
38 38
29 99
21 54
56 59
58 68
61 75
4 65
96 97
14 91
89 94
6 35
19 74
65 100
43 79
91 93
69 83
74 86
98 98
92 95
46 56
53 81
84 88
26 34
66 99
68 84
19 20
11 19
46 93
54 85
37 42
11 59
97 100
72 76
43 63
73 98
96 97
78 97
77 78
36 86
70 82
83 89
85 95
22 86
33 76
34 98
39 78
72 90
55 97
14 67
76 90
100 100
58 64
99 99
36 56
9 43
13 35
58 68
93 97
47 49
56 72
73 76
27 83
76 93
20 29
53 59
63 89
25 65
32 42
50 52
15 21
11 57
6 17
3 50
14 52
50 100
36 88
7 45
4 98
13 25
75 87
81 85
74 91
87 96
27 82
69 99
100 100
20 82
9 88
24 45
73 87
14 51
4 4
40 60
3 39
25 86
20 96
25 71
100 100
47 98
30 69
62 63
38 75
9 62
58 83
34 58
32 80
8 57
4 73
47 50
19 72
72 73
96 96
83 86
97 97
85 100
10 32
5 50
38 40
97 100
34 75
49 94
74 79
24 42
25 47
73 78
72 73
40 50
90 99
85 90
82 84
65 69
73 78
80 82
35 37
62 65
64 94
84 98
15 66
2 21
97 97
2 91
47 58
28 69
34 94
4 80
66 75
75 89
46 73
1 2
93 99
62 70
52 66
65 95
96 100
5 54
3 100
50 50
22 94
23 97
4 93
12 39
22 23
86 88
58 75
58 59
72 100
82 93
79 96
46 61
20 77
83 86
96 96
37 97
3 64
2 9
57 63
84 91
16 29
92 92
59 75
69 89
25 31
54 56
8 45
56 62
19 33
70 71
10 92
90 93
26 99
25 56
56 97
34 86
46 94
35 81
68 91
63 64
67 84
34 77
75 80
27 76
22 87
55 84
92 93
67 84
18 90
40 45
82 84
76 76
36 71
48 78
21 91
67 96
42 48
62 64
33 51
90 93
80 87
46 76
99 100
34 47
39 81
14 57
22 84
31 42
36 91
50 71
98 100
47 68
23 88
97 100
73 88
51 67
45 79
70 86
97 100
56 90
5 43
100 100
76 94
19 23
28 91
11 70
24 40
73 86
41 93
89 94
71 78
16 68
26 75
9 94
68 98
5 68
33 52
7 9
24 96
32 71
20 72
89 93
35 99
14 54
57 71
36 67
44 72
94 98
30 33
65 94
72 85
52 98
62 86
93 99
55 97
65 77
46 60
29 93
41 56
14 26
61 94
59 90
55 88
33 97
57 73
91 92
76 79
74 90
64 99
38 53
40 69
15 99
8 42
95 95
72 84
49 84
71 76
29 54
76 81
49 63
36 51
27 87
28 81
20 55
36 81
76 86
55 93
19 48
61 72
35 91
95 97
67 85
30 31
8 10
27 79
93 97
22 50
1 72
20 47
68 95
5 91
93 94
61 65
79 90
62 62
89 92
95 99
19 53
15 22
74 89
73 98
55 100
35 58
24 75
25 53
6 32
91 94
27 61
93 93
35 67
26 92
44 51
27 56
26 39
93 96
60 83
21 70
61 64
87 89
66 86
90 92
56 94
78 80
72 89
63 77
33 73
29 55
45 99
99 100
44 64
60 66
18 55
24 95
72 80
19 88
45 62
7 20
76 76
75 98
4 61
100 100
51 94
11 60
88 97
59 77
1 26
41 54
52 95
81 90
88 97
2 21
34 39
84 96
96 99
21 42
25 89
39 71
74 86
37 87
89 89
68 76
93 99
23 27
89 97
100 100
8 28
65 82
24 49
70 92
78 83
85 88
18 56
96 96
54 55
2 10
84 87
97 97
19 55
18 56
75 95
69 73
6 81
66 72
97 98
92 100
59 87
26 88
54 67
64 92
47 85
30 91
60 64
98 98
17 17
70 82
4 27
21 55
20 61
27 41
15 44
91 95
42 59
100 100
26 61
13 47
81 87
38 96
63 64
100 100
57 93
16 58
97 99
67 97
31 59
96 100
100 100
82 85
37 93
27 33
10 37
62 88
83 98
5 96
51 84
74 98
84 98
55 94
58 77
27 63
19 70
47 78
22 25
29 76
18 26
20 41
38 90
36 85
87 95
71 78
73 89
40 85
41 65
79 81
10 69
70 94
100 100
22 39
5 35
72 98
34 72
18 56
93 100
77 94
27 43
73 86
65 66
59 89
14 92
45 52
31 93
39 65
93 96
53 97
63 97
64 96
69 78
58 87
80 94
32 32
8 36
6 23
14 84
74 78
17 70
68 92
83 93
90 94
91 92
30 96
59 93
100 100
75 77
2 58
56 75
65 86
73 76
62 79
61 84
69 100
75 82
93 99
19 91
59 92
86 91
47 91
76 88
89 95
75 86
76 80
63 95
17 39
100 100
62 64
35 93
9 90
44 71
58 63
7 78
59 75
42 58
51 100
19 57
49 49
31 38
35 41
65 93
39 77
35 84
53 53
82 89
100 100
20 97
65 74
71 96
45 97
23 94
91 94
12 92
14 49
37 40
92 97
44 69
59 95
99 100
43 56
34 73
1 59
67 76
9 34
86 100
54 77
1 76
70 96
99 99
92 94
26 37
90 100
70 81
54 96
76 93
4 48
81 87
37 46
84 88
47 80
82 89
1 80
79 86
24 44
43 62
1 71
34 51
33 37
1 33
43 53
26 75
69 100
61 71
90 98
44 75
98 100
41 77
74 99
34 52
49 78
93 95
11 85
64 68
22 86
43 62
22 97
8 42
97 97
68 70
43 59
19 49
74 96
100 100
45 51
10 19
38 51
53 83
62 70
30 70
16 52
24 66
100 100
52 55
45 51
48 52
32 62
53 90
52 70
78 81
63 74
91 97
74 89
79 96
44 61
6 74
3 34
30 60
32 48
92 99
60 86
34 64
34 94
26 67
98 100
53 94
19 82
60 79
74 98
47 85
23 96
41 71
35 89
92 92
50 80
65 89
22 100
77 77
36 66
21 75
79 95
19 59
86 99
7 44
44 53
53 55
42 64
19 100
89 96
1 87
95 97
43 46
3 53
51 95
75 76
92 100
52 93
57 65
10 43
86 91
22 28
12 46
94 97
64 82
40 64
62 73
57 75
2 33
72 93
46 55
25 37
93 98
7 60
35 42
53 66
62 91
40 72
25 50
78 99
63 88
21 22
39 94
3 100
21 47
24 75
43 81
12 31
85 87
23 98
41 87
55 90
31 35
25 60
48 69
38 78
14 34
27 39
12 18
74 85
49 51
15 61
6 15
71 93
27 97
44 66
83 90
30 98
93 93
97 97
57 76
66 74
11 41
18 62
80 81
96 98
6 52
66 81
19 43
47 66
89 91
11 11
52 59
8 47
19 48
40 52
12 19
31 93
55 64
10 32
32 82
68 74
12 54
88 91
21 40
31 71
69 98
87 91
66 67
96 99
14 53
62 97
60 69
12 100
17 46
20 48
9 87
34 58
95 99
25 35
2 33
59 91
40 73
100 100
55 99
43 59
91 95
40 55
71 75
2 46
3 58
55 71
1 15
55 59
78 97
78 97
40 45
12 19
78 90
75 98
40 73
12 28
27 30
38 74
63 83
35 42
55 97
51 69
56 81
94 97
31 75
45 74
32 86
49 90
59 62
95 95
60 78
79 92
73 86
18 76
45 52
93 98
86 88
73 86
76 100
35 97
52 64
21 53
62 83
38 96
31 68
4 37
77 88
61 68
48 48
70 100
76 98
36 91
80 100
15 58
43 46
67 82
46 79
91 94
33 71
95 99
45 53
43 60
33 44
20 56
39 47
81 87
70 74
34 96
89 97
64 76
67 75
93 97
53 93
5 93
3 9
81 98
22 55
15 59
97 100
34 87
7 9
28 29
61 84
69 76
1 70
1 46
38 89
61 64
84 99
6 18
14 90
31 46
18 85
16 44
21 100
23 76
48 79
53 67
34 39
100 100
7 90
72 73
100 100
64 85
52 91
67 88
95 97
98 98
29 55
3 51
9 14
50 90
26 98
59 76
29 97
68 93
4 44
16 21
87 93
69 75
74 90
18 72
30 56
40 88
15 82
30 30
52 58
91 100
9 95
75 91
6 96
88 95
57 69
66 87
18 33
28 31
4 64
25 50
87 96
63 73
43 87
44 57
64 86
34 44
100 100
63 72
77 80
88 99
31 79
49 74
96 100
34 87
31 53
8 18
89 95
19 29
50 57
54 72
75 89
80 100
44 92
6 66
73 79
41 80
1 64
21 46
46 99
90 90
46 64
85 87
77 90
67 95
76 99
30 84
70 89
36 52
49 90
56 98
79 81
29 78
38 42
2 6
80 89
12 19
47 54
2 42
47 80
15 81
97 100
39 66
53 84
26 76
31 53
54 80
3 39
19 59
21 58
5 18
62 79
96 98
32 56
67 72
15 91
15 45
57 77
5 27
47 59
83 86
6 16
71 90
33 52
80 94
63 78
69 86
75 94
47 66
70 94
14 47
81 100
27 59
72 74
53 65
98 100
18 89
93 99
7 22
17 78
66 100
16 65
30 63
57 98
16 39
33 61
41 61
33 46
96 98
93 95
30 64
68 95
55 55
86 89
91 100
50 59
8 47
64 64
53 75
30 59
31 47
29 59
72 91
78 85
6 100
77 83
48 53
42 45
95 98
75 84
10 85
17 25
78 80
66 67
29 68
7 99
33 71
69 73
93 99
13 18
87 90
80 86
80 94
88 94
48 53
89 99
48 73
90 93
65 90
80 100
10 99
47 89
73 99
2 55
54 80
82 98
81 85
98 98
25 31
98 100
9 55
63 91
17 97
57 70
32 59
36 79
13 97
4 73
16 97
12 63
94 94
53 59
75 87
26 46
47 72
79 79
11 42
67 97
58 98
98 99
87 88
99 100
13 94
44 99
32 84
19 64
22 50
14 86
34 72
2 27
3 18
29 89
100 100
3 19
38 39
9 77
87 92
73 87
82 97
93 97
11 75
15 49
65 78
4 91
100 100
28 70
44 74
62 66
3 75
16 69
22 40
37 97
63 95
29 93
17 83
89 93
16 67
60 78
87 100
16 47
64 73
77 78
50 74
15 86
56 89
18 59
65 73
87 99
23 62
9 23
81 100
97 98
56 85
17 76
8 63
30 66
55 69
93 99
30 46
75 78
40 95
57 72
87 91
83 91
92 100
59 67
62 87
32 43
18 86
19 28
13 43
78 89
19 82
24 85
50 59
20 22
14 24
85 98
36 64
33 51
1 87
92 96
8 8
28 35
66 93
70 76
45 67
80 100
11 31
17 28
13 32
8 74
83 86
21 81
89 90
32 75
94 94
28 68
68 72
7 9
45 88
10 23
44 83
75 78
31 54
93 95
40 91
56 58
29 61
26 40
13 82
30 34
95 100
86 100
45 80
10 29
42 80
47 73
11 80
21 24
24 81
76 99
53 76
32 40
46 48
92 95
40 40
29 60
73 79
60 85
76 78
33 72
57 85
60 67
9 56
96 98
81 90
90 97
35 78
56 91
6 75
51 79
99 99
50 84
3 93
40 71
55 99
88 99
34 92
66 74
94 98
33 33
70 83
31 48
94 94
4 55
59 90
3 64
77 92
1 45
46 86
59 79
40 82
42 49
30 88
18 74
19 97
15 54
36 88
31 90
71 73
99 100
99 99
51 97
22 34
77 100
69 74
17 85
19 68
85 98
44 61
1 67
31 96
16 22
70 70
25 43
97 97
59 96
34 79
37 42
79 87
60 73
84 85
50 81
3 65
55 60
57 84
42 94
38 50
58 76
8 96
50 93
100 100
82 97
14 63
3 70
55 84
48 60
51 76
66 87
100 100
13 91
55 92
4 29
9 99
18 32
98 98
18 67
37 50
21 32
1 65
62 69
14 77
66 99
39 63
72 81
82 84
70 82
76 84
82 97
43 66
96 99
65 68
37 85
91 95
83 90
70 87
61 93
88 88
18 55
63 81
17 56
45 84
96 98
100 100
45 58
64 99
40 55
45 87
54 70
74 99
94 94
6 14
58 58
98 99
100 100
47 83
81 92
18 42
73 78
49 88
65 75
29 30
22 38
20 88
23 38
95 98
100 100
39 39
71 72
64 99
55 61
96 100
52 67
21 43
11 45
29 100
14 16
84 96
97 99
84 85
94 100
53 61
34 67
80 92
61 98
64 88
21 85
93 97
50 75
36 51
32 63
20 34
3 85
7 8
74 79
72 97
28 92
12 39
48 77
78 94
56 73
40 46
80 99
98 98
2 48
73 79
17 74
44 50
14 80
38 84
86 87
36 36
49 75
96 97
14 83
67 81
20 93
95 95
41 86
48 86
1 82
71 73
29 41
43 84
61 97
76 94
46 98
37 56
20 89
94 97
55 82
22 28
57 90
57 72
27 38
94 95
15 32
99 99
22 68
96 97
65 86
49 80
57 94
78 83
43 44
17 73
53 67
31 61
70 73
55 81
20 73
96 99
8 95
16 53
34 76
96 98
82 86
45 63
10 29
11 77
20 89
10 17
70 89
27 48
32 52
40 96
18 61
94 98
88 95
78 86
54 100
50 89
71 85
17 97
44 59
65 85
56 95
76 91
59 77
85 91
92 95
28 40
7 34
73 87
94 99
5 73
30 35
6 7
30 64
76 87
88 99
79 87
95 97
79 80
88 98
29 62
59 90
96 96
89 93
28 62
4 47
10 20
90 93
24 47
21 39
30 47
26 99
37 61
81 90
79 84
84 96
60 75
52 73
15 21
92 96
100 100
64 66
32 45
85 96
45 57
49 79
48 68
58 73
4 12
97 97
33 89
57 85
53 60
94 98
49 83
26 44
39 74
59 73
39 88
53 70
52 54
18 82
93 95
3 15
51 61
29 87
56 58
69 81
100 100
4 79
63 100
22 85
44 66
8 55
32 74
16 90
74 92
4 6
89 95
6 84
34 49
95 100
92 92
73 93
34 45
43 82
76 95
99 100
88 98
69 99
34 62
87 87
17 62
82 86
25 28
92 93
14 36
24 27
82 86
69 74
70 79
43 74
72 76
58 96
25 43
100 100
97 100
25 85
35 77
38 84
79 98
43 70
2 59
76 80
25 79
49 63
28 86
36 50
32 58
27 91
86 100
31 42
38 95
84 98
56 84
86 90
30 87
91 92
82 100
46 81
17 71
88 100
80 91
89 98
59 78
46 80
79 87
28 76
64 87
30 75
86 100
83 94
79 82
90 94
54 86
72 74
83 84
84 89
39 95
43 82
25 92
46 66
61 97
59 80
15 100
21 85
47 62
16 95
28 80
14 40
95 96
88 91
6 95
83 93
96 97
7 87
90 90
44 84
27 82
98 98
24 46
31 51
71 89
15 64
68 68
57 93
24 61
3 95
66 70
22 47
88 94
59 91
79 98
45 58
89 93
51 87
82 85
57 66
96 99
42 42
56 99
97 98
10 52
93 100
71 94
56 66
29 51
47 82
79 98
34 98
35 64
100 100
81 100
46 48
12 59
99 100
74 93
67 93
27 45
5 46
26 43
27 88
13 100
25 37
71 92
90 96
98 100
91 100
1 59
68 72
50 89
88 100
68 71
18 94
33 43
89 96
26 94
97 97
44 82
11 73
29 49
76 98
58 85
41 73
23 83
9 63
55 56
13 81
10 72
92 98
28 31
63 72
100 100
48 63
5 11
31 51
23 87
71 98
1 35
73 88
86 98
46 90
78 99
20 71
67 100
79 91
22 39
52 81
31 50
14 71
20 58
47 56
53 96
12 76
97 100
77 86
59 85
71 80
55 95
19 22
3 38
24 82
41 52
80 80
3 29
47 89
97 99
88 99
77 90
55 61
57 80
79 81
68 99
68 98
30 93
28 94
74 95
27 54
85 87
43 50
92 96
57 76
84 99
53 63
85 95
8 65
38 84
12 97
7 81
100 100
24 46
65 93
33 55
72 93
32 74
72 99
39 51
70 100
78 99
84 92
25 45
31 35
10 73
76 90
96 98
25 38
72 94
51 63
58 83
62 90
8 28
5 20
39 88
68 75
19 41
83 97
7 34
39 50
51 88
39 87
77 82
81 86
87 90
77 92
60 66
91 94
49 93
12 98
24 25
49 79
89 96
63 69
73 77
66 77
21 43
8 55
96 99
61 63
23 32
73 78
40 74
33 54
33 52
66 85
15 77
2 16
86 98
36 56
54 62
34 86
22 72
29 41
57 69
12 57
50 62
69 89
64 77
21 31
22 84
15 94
95 99
30 71
17 41
50 92
79 94
48 54
69 80
44 71
54 93
36 65
16 39
34 51
91 97
71 82
51 91
2 83
44 75
95 100
99 99
92 98
7 79
3 72
19 76
70 72
17 25
15 88
75 99
4 73
74 93
86 97
37 99
16 92
35 43
43 98
31 88
20 89
86 87
13 48
45 59
95 98
98 98
91 97
33 72
87 89
64 69
92 99
2 60
42 52
71 81
71 76
21 100
88 94
64 91
44 76
96 97
38 69
47 48
22 93
70 97
27 47
69 98
63 73
21 36
70 87
80 89
67 98
21 83
29 77
82 86
81 100
64 88
93 99
42 66
53 90
76 77
3 58
61 97
96 96
75 87
61 88
54 82
35 80
64 85
7 72
43 98
32 91
55 93
54 69
54 96
83 85
25 70
100 100
41 46
39 40
58 98
10 70
14 15
34 79
57 73
21 97
44 82
21 34
51 53
86 94
84 92
30 69
64 73
70 82
4 42
64 75
77 85
19 47
7 81
42 82
24 55
13 67
43 50
96 98
47 83
25 92
58 76
100 100
86 95
37 78
7 47
90 98
80 98
90 99
74 76
57 95
62 74
21 43
94 95
88 96
84 96
7 88
71 86
50 50
62 71
25 99
64 79
94 95
64 71
28 44
86 96
64 78
82 86
90 96
81 91
14 36
45 64
39 95
68 85
24 25
8 42
65 71
57 76
72 87
68 82
77 85
75 99
99 100
72 74
36 67
11 96
82 99
90 98
66 98
99 99
54 76
52 65
22 86
26 83
4 41
44 75
81 95
1 16
21 71
33 35
6 62
87 96
48 76
63 65
37 79
71 77
23 24
35 49
64 75
73 77
26 44
21 100
23 60
21 25
40 91
44 91
58 66
80 98
92 98
81 93
65 97
84 87
69 78
72 85
31 72
28 45
26 41
6 12
88 98
14 25
54 59
25 92
78 99
47 71
9 73
7 93
41 98
39 50
82 99
60 77
31 55
82 98
43 44
19 58
65 80
28 54
44 55
13 25
95 99
46 69
52 81
18 89
52 57
23 50
71 95
69 98
8 37
56 82
74 89
24 72
44 63
100 100
50 73
87 98
37 85
93 99
57 69
96 97
25 87
60 79
99 99
89 98
77 94
97 100
63 80
62 82
53 91
65 67
92 95
3 90
72 80
66 69
84 99
43 84
89 95
63 92
84 89
80 88
55 75
81 100
14 16
88 97
58 91
19 77
81 98
97 97
35 90
39 69
73 79
67 92
44 97
43 52
28 57
16 43
98 100
13 78
11 11
99 100
57 84
19 57
79 85
50 88
32 100
47 61
24 34
86 92
58 75
68 98
21 41
51 54
62 87
23 50
61 72
38 83
24 91
48 67
36 65
53 86
5 24
87 95
84 91
2 83
71 99
7 80
69 89
17 54
6 61
42 80
25 100
93 95
29 43
54 76
53 90
43 65
99 99
81 83
90 90
91 96
58 68
18 68
37 54
20 97
96 99
87 96
15 56
64 67
84 86
45 80
85 100
67 68
62 98
51 79
66 66
7 65
96 97
60 72
72 91
50 81
98 98
12 37
31 63
28 99
3 51
58 66
10 28
53 94
13 73
9 9
88 92
84 85
1 94
46 66
44 58
2 61
81 82
92 99
25 39
72 100
69 97
56 93
86 93
69 85
74 88
66 85
15 25
65 78
25 35
90 95
7 45
57 100
53 67
67 71
36 48
100 100
33 97
100 100
31 56
68 90
35 67
22 26
1 44
43 46
88 98
63 87
34 40
66 83
53 54
6 92
90 97
21 37
20 31
41 45
43 79
73 95
57 99
45 94
44 80
49 81
82 87
1 96
89 96
29 57
99 100
72 87
97 100
58 63
54 67
95 99
78 94
92 99
4 69
28 66
1 100
63 83
66 77
1 81
84 99
26 69
1 39
53 84
58 83
15 57
31 77
6 74
10 90
74 99
11 26
90 100
80 82
41 68
37 54
86 96
54 70
78 88
48 62
70 95
88 100
69 79
82 84
79 79
33 52
14 94
48 99
83 88
40 72
20 88
31 79
41 92
85 98
84 90
28 30
2 32
61 77
79 81
44 63
13 34
61 98
52 61
53 84
16 59
99 100
47 47
16 55
80 87
19 22
93 95
65 66
57 98
99 99
45 63
90 93
4 42
92 92
4 75
71 92
95 97
23 85
10 28
99 99
13 87
81 87
60 82
54 71
72 80
15 25
52 55
57 86
73 79
15 41
35 63
50 67
23 38
65 70
50 82
90 91
76 87
18 64
85 97
92 97
46 92
5 89
55 88
92 100
71 80
1 90
52 100
70 79
25 29
1 55
78 86
67 71
31 42
96 97
16 75
84 95
35 45
53 66
58 76
10 95
78 86
12 89
40 75
51 76
59 98
23 60
86 89
15 80
8 49
69 78
10 38
96 100
95 96
95 96
9 45
94 97
99 99
26 37
62 85
16 85
44 44
10 97
15 82
18 25
26 32
75 75
38 96
4 34
43 93
22 43
37 46
65 100
37 66
8 44
26 85
22 56
93 96
32 98
44 76
31 88
70 72
40 63
80 94
86 92
54 65
11 65
9 18
79 95
56 72
78 98
52 57
1 36
45 57
39 41
1 8
48 79
47 76
77 98
60 67
88 93
1 43
91 92
78 84
32 48
44 97
40 79
41 80
49 65
72 89
4 48
91 92
95 98
97 99
49 53
51 60
59 94
82 92
43 56
70 75
84 94
58 98
53 64
32 54
33 92
34 84
55 59
29 94
5 40
21 77
42 50
1 8
87 92
28 31
38 90
23 59
70 88
77 94
31 89
82 82
95 96
28 40
35 50
11 46
78 85
13 80
62 80
68 97
60 100
60 88
31 38
89 97
60 99
10 77
68 86
53 97
73 98
5 90
45 65
78 90
53 91
31 74
66 79
58 67
6 9
96 96
65 76
94 94
92 94
28 66
85 87
59 66
12 96
45 46
70 90
76 92
72 78
59 62
98 100
54 90
20 51
47 50
33 64
80 90
43 62
95 95
18 68
88 93
60 60
29 83
80 91
40 48
9 25
8 46
90 99
17 70
100 100
89 89
19 40
99 99
56 71
71 96
90 96
38 50
1 97
24 36
36 62
39 94
81 97
54 59
57 68
85 85
16 95
23 67
23 46
77 82
17 62
81 98
15 57
23 100
54 58
98 98
13 24
27 64
36 94
65 75
73 74
76 95
73 78
80 97
100 100
92 93
8 46
4 22
87 97
30 58
76 84
12 24
77 98
67 76
62 87
38 86
92 93
54 60
78 85
84 87
92 94
96 97
18 57
52 97
91 91
64 70
27 92
89 94
78 100
67 97
15 29
100 100
59 99
90 97
77 82
87 94
57 67
83 90
39 61
66 74
63 96
68 81
39 57
77 86
89 94
80 95
22 35
67 68
1 1
36 37
52 87
74 94
12 14
31 57
99 100
45 68
59 75
66 96
8 87
88 92
98 100
37 55
44 89
92 93
72 73
56 64
52 69
16 59
88 99
27 27
62 66
85 95
22 49
95 98
6 73
99 99
17 65
14 25
49 93
82 97
38 52
23 26
33 70
22 35
7 53
68 84
27 61
11 21
50 73
65 82
36 76
9 17
73 96
32 42
5 66
73 94
57 89
24 91
51 96
87 94
76 89
96 100
67 97
5 55
89 97
6 21
75 99
47 100
87 99
22 43
84 94
1 25
3 33
91 98
34 57
7 64
54 70
70 71
22 30
50 90
76 97
86 91
3 78
72 88
92 94
28 29
61 67
91 92
5 30
96 100
45 81
2 23
86 98
51 65
36 95
51 53
98 98
52 60
100 100
36 65
46 47
7 98
81 90
66 87
78 79
96 96
17 69
89 94
40 65
85 97
53 84
14 95
33 98
96 98
50 81
19 74
57 93
22 93
60 76
43 60
92 97
23 62
54 88
15 38
67 83
95 97
92 92
34 81
75 85
58 93
44 100
98 99
55 87
85 87
82 82
33 93
33 79
51 93
28 77
17 45
41 95
45 56
71 79
72 95
38 83
19 51
3 32
8 8
54 81
20 51
35 71
76 93
10 96
38 84
83 84
29 47
52 95
84 100
80 87
14 87
56 71
74 89
91 96
49 85
23 74
96 97
42 56
72 83
19 46
47 80
30 86
49 88
13 51
67 100
12 99
43 49
17 91
59 85
4 71
14 37
86 96
88 98
65 75
86 90
72 76
91 96
18 27
33 34
56 66
94 99
94 96
100 100
63 72
27 32
42 52
90 90
15 33
57 93
34 85
41 86
36 79
24 96
67 83
99 99
65 81
14 71
60 94
59 90
20 100
37 69
76 82
61 87
74 93
2 43
50 64
90 95
33 66
49 92
65 100
29 37
43 66
82 89
44 45
19 62
2 18
97 97
79 89
4 75
74 95
71 80
80 92
11 93
69 82
43 75
4 28
63 78
52 92
34 45
51 88
40 72
43 71
92 98
96 96
90 99
53 87
20 56
2 17
82 84
37 87
96 98
11 50
71 93
66 78
18 74
57 75
79 89
28 83
48 74
4 51
87 89
61 87
22 76
22 71
39 44
84 87
11 41
20 41
51 76
82 88
27 96
6 85
87 96
64 97
44 61
54 79
92 100
43 46
24 85
53 59
44 46
44 80
100 100
61 87
62 89
20 35
96 100
78 78
76 91
13 52
93 94
33 75
60 95
22 88
82 87
79 88
27 89
35 80
88 94
7 52
25 66
47 81
74 84
56 98
19 49
17 31
97 99
60 67
75 98
80 92
5 9
20 26
75 89
31 95
78 87
34 57
23 47
21 57
20 28
97 97
18 77
77 100
95 95
96 97
17 47
83 84
4 35
28 31
69 83
22 91
82 93
81 96
32 54
52 90
6 25
57 69
4 82
13 64
7 16
37 51
95 96
84 87
7 87
98 100
20 91
21 74
29 47
34 85
24 29
37 93
48 88
96 97
66 87
61 61
98 99
47 65
12 32
91 97
55 81
24 57
68 99
27 27
53 81
71 100
32 73
56 92
39 90
10 38
26 71
48 93
79 90
62 73
96 98
60 66
26 29
36 37
77 95
58 97
5 92
81 94
51 87
81 83
86 96
98 100
95 98
52 73
35 36
85 94
8 69
39 82
87 99
70 90
12 72
20 30
42 72
88 90
5 11
99 100
37 40
65 79
86 90
71 95
32 33
25 85
35 69
59 81
7 80
64 93
28 63
2 85
38 68
15 36
43 76
19 70
57 89
16 46
33 34
22 58
16 52
58 87
90 92
73 91
72 74
93 94
10 20
84 99
76 87
28 63
12 15
37 82
17 90
92 99
70 70
45 72
75 86
68 69
51 96
85 99
9 55
32 43
69 87
62 96
81 82
57 60
52 80
1 91
69 73
8 52
57 85
27 95
39 90
35 78
56 100
87 90
27 68
30 96
81 88
87 94
27 76
3 98
32 59
79 90
10 49
11 15
81 86
82 83
90 96
82 93
5 41
23 84
76 87
3 72
14 100
65 94
33 47
42 71
15 18
59 80
79 100
20 32
58 85
4 35
84 86
99 100
56 100
92 97
54 57
71 88
33 73
82 82
92 99
78 80
93 98
48 53
96 100
56 79
100 100
46 55
87 93
44 100
35 67
43 91
37 86
25 66
61 97
51 59
78 96
58 91
87 96
75 79
58 82
11 27
80 100
76 90
13 34
14 54
89 92
16 52
76 86
23 33
86 98
99 99
10 81
95 97
76 95
52 62
8 22
45 88
65 72
18 34
17 81
76 99
67 92
67 68
35 88
63 81
89 90
80 96
16 73
10 90
36 64
47 49
98 99
58 64
83 90
15 78
72 86
32 48
72 93
72 81
58 81
42 62
81 87
60 65
73 97
20 37
39 94
48 70
60 64
49 81
58 99
29 53
20 100
88 94
8 86
63 71
98 100
64 87
98 99
97 97
64 81
84 91
50 57
26 68
39 70
55 57
43 95
42 46
24 30
53 91
3 82
87 95
22 26
100 100
72 92
65 65
89 98
97 97
96 99
74 82
86 98
84 98
18 77
23 60
17 100
39 57
50 83
17 81
70 78
60 77
32 99
93 94
57 59
86 93
34 96
8 70
70 89
12 41
89 97
27 34
49 85
94 97
32 80
73 89
34 68
54 71
33 62
28 45
87 88
88 89
11 38
92 95
33 99
87 96
26 33
32 83
79 87
70 78
34 60
99 100
79 99
31 89
92 97
76 83
11 24
3 42
39 66
78 88
97 99
24 98
60 69
96 98
11 55
86 89
26 70
90 96
17 56
43 90
20 79
55 73
73 95
39 71
58 67
5 50
66 84
76 79
52 91
69 100
94 95
3 31
82 85
96 97
70 75
10 63
57 70
74 85
94 97
72 95
69 93
67 72
46 61
99 99
52 94
85 85
55 55
49 57
34 70
51 89
4 100
23 23
3 77
61 96
73 96
81 94
35 75
6 58
99 99
53 68
46 57
64 98
98 100
52 75
72 75
76 91
34 88
43 100
23 46
96 96
23 24
48 90
80 91
23 49
57 75
66 68
42 94
16 22
44 63
80 86
54 65
83 85
16 95
34 66
40 89
46 85
31 95
91 95
21 63
1 3
98 98
38 82
79 96
99 99
16 24
4 33
28 72
95 100
19 100
64 83
6 56
1 46
97 99
99 100
73 75
46 54
84 96
36 41
89 91
27 40
90 92
98 99
4 52
30 62
22 23
33 82
2 52
31 72
1 6
31 32
44 54
48 76
46 84
97 99
32 72
2 4
51 64
36 64
88 91
54 76
50 69
85 96
35 68
65 75
68 83
81 98
2 86
84 91
1 56
33 36
1 24
41 75
26 50
67 70
16 81
88 99
73 97
59 88
77 79
14 26
97 100
15 72
48 95
86 96
40 45
52 78
11 60
19 80
23 49
38 68
46 60
40 80
5 46
36 87
93 97
80 91
36 48
66 67
6 8
38 93
67 87
69 88
6 80
30 78
94 100
71 71
72 91
2 23
74 100
100 100
74 95
13 98
42 85
38 62
30 31
76 89
63 65
70 83
62 72
16 50
4 71
20 65
9 19
89 99
46 88
35 51
8 97
23 91
18 19
39 92
70 77
55 73
86 94
73 74
48 98
46 90
60 62
79 99
38 98
67 67
75 83
65 71
12 28
64 64
12 66
12 29
1 74
21 90
10 81
35 90
92 96
72 87
83 89
74 81
33 71
54 84
85 86
45 90
97 100
53 82
49 91
39 47
63 67
68 94
83 96
52 64
52 71
98 98
3 47
37 76
32 71
59 74
46 47
40 97
99 100
17 97
32 88
2 51
57 66
12 72
100 100
52 65
82 98
83 96
30 60
6 100
63 79
6 99
12 51
46 88
86 90
78 92
77 96
54 89
42 79
59 100
65 93
34 73
29 82
73 95
20 99
15 77
85 87
74 81
74 96
67 89
55 66
6 37
44 93
51 88
43 67
60 99
62 82
3 95
2 29
98 100
68 89
42 63
86 88
29 88
41 91
39 63
61 64
26 32
70 88
52 96
74 77
26 47
20 21
31 66
71 88
43 51
22 86
29 32
14 89
57 88
28 45
1 44
21 71
82 85
74 99
55 81
85 95
18 63
46 81
26 69
2 45
12 73
66 85
56 99
46 67
95 97
99 99
35 42
49 85
6 30
81 98
90 90
16 49
52 80
56 60
36 43
23 35
96 97
4 64
77 95
85 88
3 8
26 45
83 94
51 65
13 48
98 98
94 96
33 37
96 96
15 80
72 75
53 62
73 73
13 31
43 50
31 46
56 86
62 77
66 99
99 100
9 62
41 63
71 72
34 52
37 56
30 60
24 50
44 51
37 53
17 81
77 77
13 78
88 100
38 89
36 66
20 41
84 94
6 35
97 98
79 84
17 79
53 80
78 86
4 75
9 65
82 83
40 89
85 96
49 74
27 37
48 55
74 88
79 87
34 83
83 87
18 96
62 95
48 63
91 96
42 70
89 90
54 66
96 97
98 98
76 99
15 66
63 69
81 85
93 93
8 64
43 79
69 76
53 99
24 69
59 75
56 64
69 75
92 99
9 87
65 81
93 95
36 96
78 88
89 96
76 83
60 81
95 99
71 79
26 79
68 97
13 40
45 84
56 96
29 31
82 88
24 68
44 52
30 43
23 84
7 82
94 95
31 85
28 70
65 73
64 94
45 58
87 94
30 83
48 51
48 79
57 77
10 86
24 59
51 91
2 26
7 39
41 65
72 83
29 70
14 29
77 97
30 83
51 78
97 100
27 87
5 20
72 96
56 84
86 100
65 100
21 26
55 90
55 93
15 39
96 97
46 80
23 63
11 43
46 55
25 87
62 70
4 54
8 44
49 81
31 42
15 64
54 61
77 95
1 38
69 91
23 59
81 86
83 84
88 99
48 87
23 67
40 72
94 94
12 61
9 97
81 95
58 90
15 40
28 78
58 81
21 72
12 74
72 80
21 51
38 86
4 63
94 97
71 98
34 65
70 87
52 100
80 98
57 74
82 84
61 65
64 73
67 81
65 83
62 99
56 66
84 85
64 83
34 45
17 65
60 81
36 51
51 88
90 95
60 80
76 95
19 36
5 66
87 100
54 82
91 96
30 90
26 80
14 43
3 95
92 95
89 98
4 57
45 66
93 98
88 97
16 63
74 91
58 65
2 61
57 82
92 99
65 75
9 57
11 84
90 95
98 98
16 40
64 66
30 51
58 100
75 88
60 62
62 85
15 47
43 63
85 100
96 97
42 60
56 58
79 81
74 99
19 99
77 98
49 97
35 73
73 86
68 97
70 77
80 96
24 27
23 93
53 88
59 90
25 92
67 83
82 86
100 100
1 52
57 59
58 73
47 48
46 51
88 98
75 83
83 91
20 70
29 91
82 97
34 35
98 100
59 81
83 91
38 55
2 33
51 54
97 97
82 93
73 73
73 97
75 84
91 100
89 94
97 99
60 100
100 100
32 48
19 24
20 66
22 24
36 58
31 74
4 15
17 21
33 72
2 67
42 76
53 56
5 70
3 46
10 60
33 34
21 70
83 91
95 96
48 66
69 74
82 89
24 65
91 98
96 97
99 99
47 86
76 93
29 79
8 95
62 71
2 55
39 86
100 100
85 88
70 70
54 57
99 100
69 74
72 81
80 94
69 86
68 81
28 89
4 60
43 68
46 88
38 96
51 85
61 62
34 98
38 96
98 100
58 84
55 61
88 92
94 94
59 69
83 96
10 37
68 69
56 61
31 99
33 92
9 48
70 92
21 56
68 87
63 100
75 85
33 90
96 96
97 98
25 94
9 29
81 82
3 54
72 85
21 62
43 51
80 97
7 93
100 100
62 87
23 27
51 56
29 60
47 90
71 94
76 97
98 100
61 74
19 97
94 95
56 76
49 76
58 62
1 66
57 90
58 62
15 37
57 66
33 36
22 81
46 68
91 98
5 73
67 76
70 70
34 98
48 63
62 75
49 84
55 68
81 87
19 48
23 100
82 84
74 81
60 75
79 80
30 39
56 57
42 70
37 42
53 87
40 42
87 97
18 27
18 77
100 100
70 98
19 45
89 90
84 97
65 65
74 95
34 34
45 99
90 99
19 47
86 99
85 88
23 96
13 54
16 94
77 78
62 70
95 99
22 86
30 88
33 84
23 40
50 76
5 19
47 67
2 62
17 51
3 79
66 82
38 66
91 91
14 77
11 54
94 94
1 42
86 98
57 97
6 82
74 74
36 45
42 90
88 88
39 97
50 60
4 16
48 65
59 60
9 84
57 66
17 66
59 79
90 93
92 98
22 32
10 51
42 50
62 97
70 78
54 58
18 95
90 97
84 92
14 18
39 82
41 63
80 84
39 55
55 81
50 56
88 99
79 81
66 100
60 90
92 96
49 94
2 27
35 95
43 73
30 70
44 55
58 90
55 84
97 99
61 80
76 76
44 64
40 53
49 100
14 36
86 86
81 97
35 36
79 99
38 62
59 63
72 73
5 89
66 98
34 65
91 95
9 43
82 91
70 70
76 93
66 93
67 72
92 95
54 61
59 66
72 86
95 98
2 40
32 57
88 96
93 93
35 49
45 91
46 98
52 93
93 100
20 39
41 74
65 71
96 96
38 84
100 100
48 70
88 97
93 100
54 67
98 98
79 80
49 77
31 57
82 90
20 48
34 64
30 50
96 100
36 54
72 74
61 73
1 30
16 44
32 99
12 94
49 60
52 62
40 72
26 82
36 62
51 74
6 9
79 95
90 99
53 91
18 46
16 64
55 66
47 67
51 93
2 14
27 83
18 20
70 81
100 100
35 61
8 35
20 20
16 44
34 97
26 81
54 76
81 82
49 89
40 91
56 63
44 91
87 87
41 87
84 95
74 89
74 85
88 89
90 99
24 81
56 67
8 30
91 99
88 94
71 81
61 81
39 84
13 66
34 86
56 99
88 90
95 99
29 43
59 76
94 99
9 49
33 80
87 95
66 82
25 93
86 95
8 18
58 66
43 67
47 66
73 84
85 92
26 54
57 100
21 53
36 42
89 89
48 63
87 94
77 89
63 92
68 97
23 89
99 100
12 44
50 67
30 59
4 98
82 82
21 53
82 83
14 21
41 61
33 57
99 99
19 55
31 44
75 75
8 20
73 76
25 50
47 79
8 47
35 42
100 100
97 97
81 82
22 64
29 38
65 66
89 89
81 95
41 96
39 62
76 79
57 78
1 4
87 92
87 90
65 84
36 62
42 79
63 65
83 83
100 100
63 63
23 93
9 70
25 69
35 61
6 88
86 86
86 86
61 64
86 91
74 82
34 60
23 85
81 93
82 99
56 79
91 95
70 94
53 78
71 90
87 99
48 81
24 25
38 96
74 98
95 97
71 91
21 97
48 59
80 82
93 99
19 46
62 63
38 99
49 88
14 25
27 89
88 97
63 72
7 10
8 35
68 98
27 81
47 87
9 74
51 52
27 58
62 62
94 95
2 44
99 99
84 91
4 47
15 31
92 96
59 66
57 94
2 82
7 84
14 28
7 33
85 86
81 98
81 87
90 95
8 96
34 44
55 98
37 99
89 94
58 82
50 63
61 92
61 92
69 86
43 62
53 67
9 94
21 39
56 85
23 87
70 70
7 78
28 55
62 73
6 54
38 48
54 78
34 78
77 77
35 83
42 74
72 76
52 75
70 89
22 40
87 100
77 88
39 82
54 68
92 96
29 98
70 92
29 47
74 90
89 92
57 89
6 72
31 80
50 57
80 91
65 70
81 90
81 88
11 67
71 73
86 100
95 99
88 89
93 94
84 89
2 62
9 80
17 54
78 99
39 64
32 54
59 70
49 66
42 99
31 88
37 45
44 86
9 20
20 85
76 88
85 97
60 72
65 97
9 25
69 98
90 99
1 12
97 99
48 65
87 99
1 98
62 94
14 89
45 93
20 61
67 79
4 22
11 17
92 94
35 66
77 91
49 53
23 80
59 98
49 59
82 89
19 25
75 83
89 100
47 47
74 92
69 70
81 98
35 90
51 62
3 56
81 84
26 66
63 92
44 70
28 49
93 99
44 65
31 50
72 89
65 85
94 97
12 54
5 56
20 94
1 75
73 76
73 83
6 19
16 67
74 75
46 60
25 88
65 89
29 68
44 58
81 84
18 46
6 77
2 63
53 84
58 87
24 81
26 64
41 59
66 88
51 71
70 100
85 94
97 98
28 53
32 92
17 59
84 98
84 93
50 88
95 98
34 49
58 71
19 24
50 64
98 100
4 29
48 95
51 62
16 46
38 38
40 43
27 76
87 100
66 82
69 84
74 79
74 99
93 97
48 64
63 70
54 71
77 98
41 62
69 95
94 100
53 90
84 91
7 11
52 59
56 63
22 84
54 76
77 80
70 76
50 90
38 93
9 53
1 9
84 84
89 98
32 91
57 76
25 84
55 99
98 98
46 78
85 94
38 68
8 55
13 63
7 99
76 97
28 58
62 78
25 67
65 79
57 67
20 60
2 25
1 22
73 87
15 61
46 83
96 100
93 100
69 90
18 66
9 13
5 85
98 98
25 65
85 97
25 30
29 92
31 100
83 91
53 58
60 79
38 65
38 77
18 48
4 99
84 84
76 93
99 99
34 64
22 92
43 77
21 56
95 95
41 49
39 61
75 85
33 59
4 69
5 50
99 99
68 85
59 64
51 85
26 40
14 56
99 100
1 34
92 100
11 96
7 14
14 81
70 87
6 26
100 100
81 99
46 80
34 87
70 89
12 16
99 99
70 87
49 73
25 88
43 51
93 96
77 77
83 92
67 76
67 68
27 50
14 87
29 62
26 84
26 44
72 74
25 90
17 96
14 39
17 89
76 81
77 98
16 49
32 94
52 81
95 99
60 93
59 94
48 79
23 92
77 88
15 71
9 48
61 78
9 82
82 86
57 70
14 62
31 74
43 84
75 76
19 97
59 59
5 88
97 99
23 38
21 52
61 91
77 79
56 77
62 63
27 62
41 62
82 87
42 61
5 62
48 60
91 91
88 100
81 99
66 99
76 99
66 75
66 84
91 99
15 61
82 99
66 78
17 75
7 87
78 89
78 93
77 89
47 98
96 100
80 87
70 72
87 88
31 80
57 68
71 76
34 77
52 54
45 81
32 84
70 72
81 91
22 36
28 37
43 91
7 99
37 82
58 86
12 74
48 53
63 86
95 98
28 38
5 50
49 74
94 94
3 80
74 78
1 1
65 85
54 73
87 94
55 62
33 67
95 100
25 84
16 98
9 13
67 81
11 20
66 92
76 96
61 91
18 84
82 91
10 28
46 67
18 18
5 63
31 43
99 99
83 97
20 82
16 89
41 65
92 98
20 98
8 17
86 92
91 100
70 83
81 100
97 97
59 83
28 60
81 81
41 63
20 54
47 47
17 43
23 31
11 48
71 85
85 95
100 100
48 62
37 77
61 68
80 88
78 89
40 76
9 55
26 98
15 16
36 61
71 81
45 78
13 90
14 88
96 96
52 90
21 38
63 72
55 56
46 78
92 95
53 77
33 35
40 76
21 37
68 76
66 100
54 89
81 87
86 91
23 82
42 97
55 59
92 95
34 57
41 58
92 99
19 81
1 49
27 41
40 59
91 95
55 55
52 59
83 89
87 89
77 88
85 89
37 71
39 63
94 98
91 93
51 62
25 46
56 93
17 63
47 83
89 95
12 64
93 94
28 30
25 50
66 80
59 69
4 56
62 87
95 96
46 84
15 57
64 68
98 100
56 74
35 51
50 76
47 48
54 57
71 85
8 49
23 95
86 90
30 73
79 93
58 91
4 83
46 95
64 93
95 98
50 67
67 76
65 68
28 78
59 61
44 66
83 83
11 53
11 91
41 93
51 94
98 99
21 94
84 84
21 67
8 56
85 93
59 96
28 99
82 97
92 92
59 65
99 100
54 79
34 69
5 79
5 61
92 92
39 82
75 86
3 92
88 97
1 15
99 99
69 75
1 95
52 74
5 94
40 60
37 90
71 77
100 100
43 83
10 82
48 70
85 95
45 56
19 86
96 96
24 67
21 75
37 99
61 66
49 94
30 33
39 73
61 68
52 81
63 86
86 93
34 70
85 87
57 78
14 40
16 75
81 93
55 62
71 80
57 90
3 63
93 97
4 36
30 69
28 76
74 83
16 78
59 82
60 67
13 74
43 70
95 97
59 67
13 35
78 81
69 71
24 70
57 75
33 56
52 92
45 88
48 94
86 96
12 87
5 38
94 97
41 58
55 81
96 100
33 47
62 89
41 72
47 63
85 87
93 97
28 47
26 96
97 100
50 73
64 68
28 38
15 75
69 89
1 68
6 82
33 58
52 92
8 24
85 89
14 34
40 80
38 66
7 15
69 74
51 94
77 80
14 66
30 64
17 98
28 61
49 84
91 100
11 57
56 56
28 42
80 84
62 92
21 66
72 73
79 93
98 98
29 83
93 97
93 99
4 44
18 86
95 97
95 98
23 76
55 99
14 22
59 71
44 88
35 95
46 51
84 98
58 72
85 95
8 73
97 99
11 34
33 76
58 59
35 58
72 91
34 85
91 93
90 96
61 65
86 92
100 100
40 45
27 78
33 48
44 87
38 46
9 49
30 48
34 48
33 57
71 92
69 90
81 86
59 90
18 74
39 51
51 92
7 50
66 83
9 53
67 95
48 58
2 46
13 44
93 97
87 92
55 56
27 69
90 97
12 40
81 93
78 90
58 62
49 60
58 69
73 91
20 60
27 94
54 74
42 97
53 94
27 44
93 100
94 96
33 42
70 85
80 82
3 51
61 77
97 99
51 51
36 61
55 89
14 14
58 95
97 99
73 94
54 76
80 80
4 34
39 64
57 75
71 84
37 78
44 89
57 78
21 46
95 100
73 86
50 85
33 54
41 95
94 95
39 58
72 95
86 96
75 85
96 97
5 69
89 90
68 73
99 100
41 47
70 81
17 51
79 82
95 98
27 59
67 83
92 94
85 93
16 44
93 97
21 72
58 88
56 100
40 94
100 100
6 94
97 100
75 80
49 91
53 55
95 99
20 69
87 87
36 70
58 91
53 64
26 42
74 92
83 97
44 48
71 89
44 99
36 69
16 27
76 96
78 96
1 48
93 96
41 41
28 65
95 96
28 72
16 83
54 74
73 80
45 48
62 72
44 46
26 61
83 84
15 57
38 89
25 82
39 39
34 74
34 85
33 46
69 98
95 95
93 96
81 98
13 98
91 100
21 25
68 81
100 100
56 70
26 49
62 76
89 89
90 95
80 90
94 97
5 12
39 76
19 79
46 84
39 79
79 82
56 69
78 78
100 100
57 66
97 98
65 80
15 19
28 57
28 76
23 83
74 91
91 91
16 16
65 89
16 90
86 86
83 90
92 95
30 83
83 95
35 46
39 84
6 77
78 96
98 98
48 100
30 96
100 100
33 71
50 92
54 75
72 74
40 49
34 34
46 87
33 33
52 93
5 18
25 62
34 56
68 96
84 99
37 49
19 92
13 91
69 79
8 64
1 46
54 99
11 56
52 68
77 91
89 90
42 53
81 85
29 93
84 90
5 57
65 72
66 84
93 93
42 72
7 50
72 73
50 91
57 93
61 99
85 86
13 14
13 25
28 60
99 100
17 81
29 97
4 59
65 83
72 82
8 83
30 59
26 48
79 95
82 84
64 97
34 62
21 72
33 80
32 47
15 47
64 77
1 61
50 87
78 87
10 97
28 51
29 60
35 80
21 96
59 78
66 77
4 14
4 58
7 26
36 88
55 81
88 96
49 86
45 98
35 82
27 39
14 43
4 69
75 87
85 86
75 82
45 95
75 100
82 85
91 99
97 98
61 95
9 60
20 81
43 68
1 52
44 45
66 66
100 100
62 82
38 45
72 83
63 94
99 100
99 100
93 94
78 80
82 94
79 81
52 98
43 74
48 58
68 71
4 54
72 73
75 89
12 45
12 51
92 97
63 75
68 100
76 85
59 80
70 77
75 100
31 94
22 76
80 84
8 37
63 81
20 85
35 45
67 98
77 88
10 87
60 90
56 75
22 42
29 92
45 62
4 100
66 98
99 99
9 43
30 30
41 88
89 97
35 88
56 92
65 88
15 79
51 88
63 93
1 83
22 65
66 66
35 70
17 79
10 97
78 83
64 73
44 55
70 73
28 37
94 95
100 100
11 49
97 98
50 55
66 96
85 89
26 72
95 99
32 85
63 76
73 93
2 25
41 89
63 95
81 81
25 79
56 93
80 86
1 100
68 84
25 33
39 76
90 93
76 81
78 95
83 93
8 10
58 65
47 85
49 75
57 71
22 57
59 67
52 62
2 64
69 79
42 75
22 54
55 61
30 99
45 82
69 69
8 13
50 88
4 45
51 54
91 91
48 61
91 98
67 85
35 49
98 100
96 99
13 34
28 62
38 42
35 70
34 81
64 88
85 85
66 82
37 44
56 84
67 68
50 72
7 54
13 34
26 29
20 21
68 86
48 77
75 95
77 91
100 100
70 96
100 100
79 81
24 65
60 78
100 100
57 83
70 92
16 71
53 65
38 62
28 29
90 99
77 77
19 20
5 50
92 98
90 98
73 96
2 42
47 71
98 98
51 54
95 97
60 79
8 45
22 90
36 42
35 41
77 86
92 93
93 97
63 84
51 96
64 64
42 62
96 97
73 78
26 39
3 29
96 97
13 85
100 100
20 76
31 100
66 86
82 99
54 100
55 59
68 100
90 91
57 73
29 46
34 53
60 60
89 92
81 90
23 76
83 87
17 48
98 98
32 73
63 71
26 93
76 90
91 92
41 91
9 94
96 100
80 93
86 99
29 44
40 52
15 51
41 93
10 51
24 53
91 94
92 94
25 63
33 47
31 71
95 98
1 55
22 33
75 97
24 33
75 99
3 86
31 42
56 99
91 100
100 100
56 81
49 94
5 61
76 82
25 34
78 86
49 58
67 99
44 74
78 99
60 97
98 99
6 14
5 10
33 74
23 52
62 77
33 49
40 73
87 93
7 95
74 92
14 75
95 98
73 96
8 53
59 69
99 99
4 65
12 17
51 95
57 58
78 96
62 76
77 94
87 87
72 96
21 70
3 48
37 52
77 99
89 98
60 68
72 77
18 98
88 97
73 91
70 93
99 100
6 67
45 84
64 100
76 80
6 65
65 74
98 99
97 99
54 98
96 96
95 99
35 49
35 86
7 96
66 71
13 14
58 73
79 91
46 80
36 84
4 31
26 64
50 79
71 88
23 31
10 52
10 81
36 55
35 52
2 16
20 28
40 79
62 84
95 95
92 93
99 99
44 92
64 95
69 96
98 99
64 85
22 72
66 73
31 92
29 64
21 59
10 56
25 78
50 84
57 96
71 73
37 80
74 97
95 98
67 92
70 81
37 66
37 75
46 84
90 98
41 85
5 69
14 31
75 96
69 96
2 39
51 55
55 70
30 97
13 54
60 86
76 80
49 69
62 76
4 52
49 61
14 29
73 94
17 55
94 100
61 70
81 85
36 54
80 86
99 100
28 94
31 97
67 71
33 80
21 28
62 80
66 66
82 98
85 86
7 94
11 93
12 40
91 96
2 82
4 37
55 85
59 73
37 83
51 91
73 97
83 92
49 97
31 81
27 94
85 94
71 79
17 88
67 99
2 29
60 93
16 56
60 85
3 33
2 91
37 54
37 82
27 86
93 94
27 35
54 100
26 68
71 75
68 85
90 93
68 74
60 60
95 97
59 71
35 53
22 54
92 100
49 67
9 94
94 99
35 57
87 91
39 78
69 85
77 97
28 86
53 81
16 20
17 29
88 92
75 75
24 69
76 79
52 92
65 81
55 66
26 42
70 74
32 50
30 49
87 94
55 71
95 99
17 80
86 96
66 80
87 100
14 71
14 52
8 28
76 93
14 33
68 72
98 100
94 96
57 68
2 36
89 93
16 97
55 81
3 7
67 79
16 40
58 82
25 93
67 93
33 46
81 89
57 98
89 98
56 82
24 61
23 99
7 49
80 84
89 100
59 81
17 89
49 86
33 46
89 89
30 84
41 69
1 45
54 58
45 86
62 71
70 94
41 52
73 78
61 89
17 94
43 75
29 45
19 76
47 67
79 83
53 75
78 98
54 96
42 70
23 87
33 83
74 84
80 97
98 99
81 86
37 46
74 94
3 38
69 77
15 58
65 97
11 64
7 42
27 77
2 15
98 99
36 51
53 56
56 89
56 85
3 74
54 73
60 67
22 56
55 92
19 22
46 61
65 65
29 46
42 55
76 90
100 100
83 89
55 97
82 88
97 98
40 55
40 61
9 52
96 99
77 85
77 100
79 93
32 74
62 69
21 51
2 34
43 60
94 95
3 85
97 100
98 98
79 89
38 83
22 95
79 92
48 94
82 83
86 96
10 90
65 71
93 95
44 93
33 53
6 64
55 91
2 11
19 95
84 94
94 99
94 94
20 42
23 77
90 97
14 77
87 96
78 86
22 49
96 100
20 38
30 66
5 97
59 61
76 79
67 82
90 99
49 61
83 93
38 94
65 86
75 87
41 52
50 66
7 31
12 63
80 83
91 94
14 89
94 96
100 100
53 57
11 94
40 48
52 92
38 63
38 100
74 96
95 100
76 87
22 34
8 27
43 47
23 28
86 96
59 73
81 82
73 73
13 77
46 63
99 99
81 86
11 67
42 68
64 96
96 97
37 97
62 62
55 100
73 83
89 95
33 37
25 74
8 34
88 96
43 95
79 96
38 52
90 90
75 95
49 86
26 56
29 41
12 68
86 100
98 99
31 89
24 69
57 83
12 87
95 97
99 100
73 86
86 89
48 72
62 96
2 7
99 99
46 80
93 100
54 75
4 99
19 34
4 28
93 100
56 68
35 91
47 91
77 90
19 88
97 97
86 88
62 63
18 42
4 28
34 81
100 100
2 64
34 50
69 100
96 97
85 88
40 96
79 84
75 100
8 93
84 85
27 100
91 96
72 82
86 91
90 92
51 82
52 79
92 98
48 97
88 95
57 58
50 83
49 61
2 35
66 86
95 100
26 89
99 99
24 59
18 53
13 71
89 96
27 41
13 70
61 79
7 69
7 63
37 79
39 46
84 88
88 96
16 21
50 67
87 87
14 43
90 94
16 16
44 75
6 10
16 37
22 71
46 48
51 74
13 33
60 75
63 68
42 60
4 69
95 97
7 80
62 69
31 31
41 71
5 36
17 41
63 77
9 43
17 38
13 69
21 44
16 25
68 89
80 81
19 72
54 64
31 95
1 92
41 62
22 57
44 75
32 53
48 66
29 67
51 51
66 75
82 96
8 50
15 84
95 98
56 65
45 85
83 95
38 83
51 51
59 73
53 93
68 77
68 87
15 67
34 62
90 95
48 98
63 86
8 35
94 95
85 96
51 84
42 54
98 98
71 89
75 93
44 89
53 100
91 96
94 99
4 34
43 87
75 86
6 53
34 90
25 88
40 61
45 47
5 18
75 97
71 87
58 72
84 95
57 59
57 61
90 96
18 98
67 100
55 77
19 57
2 36
85 93
94 94
33 96
92 97
83 94
64 83
56 60
90 93
34 67
37 88
87 99
88 92
41 48
83 88
48 53
9 65
13 18
23 25
46 60
39 66
10 16
98 99
46 66
2 34
11 62
45 87
66 75
78 93
30 99
61 97
69 98
100 100
93 98
7 10
76 76
38 100
54 72
88 96
99 99
44 62
96 98
59 97
66 81
39 84
36 44
23 77
48 77
14 33
90 93
25 41
48 83
64 88
29 72
24 85
15 58
28 49
74 82
64 75
23 74
41 70
45 81
5 63
83 89
2 93
43 74
31 52
9 57
82 100
90 91
92 96
87 96
49 93
76 93
11 16
2 32
74 92
53 63
85 97
66 93
39 71
72 83
79 82
71 81
76 93
38 87
89 100
69 76
28 78
75 75
94 97
26 39
15 15
31 90
42 42
15 47
54 62
74 85
62 78
7 16
82 98
20 29
43 89
84 85
2 49
25 93
35 43
83 90
28 69
67 81
87 94
48 100
27 96
23 56
72 74
16 76
56 72
60 85
54 74
5 89
92 100
56 96
99 99
22 89
60 78
21 64
73 94
4 25
58 88
74 76
8 29
62 90
41 90
58 94
89 93
74 99
45 67
80 95
18 69
50 72
17 45
70 74
88 98
88 99
67 78
92 95
39 74
2 50
35 47
63 66
58 99
26 96
56 92
47 83
96 98
7 80
85 89
65 90
56 64
67 93
61 84
87 99
34 56
19 43
84 99
66 69
67 94
90 100
8 49
91 93
37 62
58 67
9 37
70 98
36 39
1 87
65 72
78 90
99 99
29 65
25 61
72 79
61 100
24 63
38 83
24 51
48 97
30 51
17 50
29 65
26 75
42 57
95 98
65 78
79 98
4 66
14 27
60 79
24 54
15 98
2 24
64 72
43 58
11 22
56 79
95 99
92 98
11 69
47 47
61 79
53 79
81 85
90 98
22 38
71 72
8 85
76 89
81 98
4 15
53 79
96 96
100 100
71 82
51 65
77 98
53 60
71 75
59 79
18 92
98 99
60 64
81 86
87 99
50 100
79 83
33 49
59 78
86 89
35 45
34 39
20 65
42 82
87 92
63 75
11 28
69 95
13 78
69 99
21 67
96 99
58 95
58 92
18 87
75 100
27 53
29 88
38 57
38 48
22 22
80 91
71 96
62 99
59 63
4 35
44 47
18 99
100 100
97 99
1 47
34 53
61 67
31 74
41 48
67 91
36 41
58 69
50 73
17 31
62 82
47 57
45 60
96 100
96 100
44 51
24 27
8 43
51 95
96 99
94 100
29 84
25 59
73 92
58 77
83 100
22 30
85 88
32 49
54 62
79 90
57 85
18 71
83 84
50 98
45 70
48 90
2 92
20 75
66 85
22 43
87 95
74 89
34 83
1 50
93 97
81 90
56 78
73 82
30 37
46 55
25 30
77 89
12 83
91 98
68 96
21 34
37 49
95 96
39 81
63 83
28 69
6 56
19 98
27 94
58 62
31 76
8 89
35 84
94 95
40 59
39 83
56 79
17 31
61 88
71 76
23 75
48 53
93 95
24 82
41 99
25 40
32 57
99 100
4 25
97 97
44 92
72 88
79 97
24 44
16 52
98 100
65 65
91 96
52 70
7 13
95 100
66 67
15 21
29 85
10 24
12 35
14 73
14 43
65 94
98 99
12 89
80 99
33 50
71 100
97 97
98 98
20 27
61 96
46 76
58 85
37 70
7 16
64 66
13 23
72 87
89 90
1 60
78 85
51 54
80 82
9 77
91 97
6 36
35 100
98 98
38 76
59 98
66 80
12 71
42 59
14 57
63 99
70 92
39 44
66 69
56 86
8 35
74 81
23 95
55 90
10 94
86 93
62 72
14 82
12 12
68 74
88 90
95 97
12 85
80 96
80 99
13 28
49 85
29 50
96 97
5 46
60 65
13 69
92 93
90 97
86 87
55 73
82 91
37 79
91 92
72 86
43 89
14 73
90 97
66 74
5 82
42 97
94 97
24 83
11 36
11 78
94 98
95 96
100 100
54 93
71 73
19 25
64 96
28 33
61 91
24 85
81 88
68 82
98 98
18 64
100 100
67 82
70 100
41 65
34 66
89 96
20 93
17 20
67 93
6 45
91 97
4 7
10 29
2 75
54 93
55 100
62 68
1 66
77 85
72 87
27 96
31 62
9 94
95 96
31 96
76 100
84 88
100 100
30 45
69 95
54 77
27 78
23 74
94 95
50 66
33 87
80 88
42 90
79 88
36 56
90 95
11 88
44 72
3 58
98 100
39 56
92 92
19 21
53 59
76 86
98 98
59 86
77 87
36 89
42 48
56 85
94 99
94 94
42 43
30 53
26 32
63 70
95 100
74 77
17 99
86 95
29 30
50 59
22 62
1 64
46 70
100 100
48 70
21 65
59 100
27 81
78 86
70 89
62 80
100 100
95 98
8 66
55 85
98 99
71 81
35 40
39 75
3 21
12 80
32 89
75 87
1 99
37 75
62 95
30 38
66 80
91 93
74 78
91 92
60 91
35 71
84 95
8 88
1 23
29 76
80 87
38 64
88 97
9 18
94 96
35 71
3 81
56 86
89 94
22 23
83 98
79 92
71 81
46 61
19 31
65 86
28 70
4 100
53 100
16 93
91 95
88 88
35 91
68 75
41 77
5 73
47 97
19 33
33 61
78 94
80 81
2 41
84 84
29 72
87 98
67 91
95 98
67 78
83 97
85 87
92 97
29 94
57 87
59 84
45 66
33 40
68 93
13 58
1 66
4 16
42 50
94 98
57 100
50 98
25 34
56 98
52 59
57 79
48 72
55 87
99 99
78 91
96 96
54 99
10 72
26 94
35 72
12 66
73 76
26 100
8 51
13 60
72 74
52 65
80 85
14 43
32 82
16 66
2 13
69 96
87 100
63 84
41 62
91 93
52 73
79 94
65 100
11 61
21 23
81 92
46 65
70 94
22 25
18 56
89 100
53 87
53 72
15 75
96 99
85 93
13 18
1 19
98 100
56 89
6 48
17 84
29 34
1 25
64 70
93 99
18 67
92 100
39 58
54 58
37 88
39 85
20 42
52 61
66 83
42 72
47 48
64 86
9 61
12 63
91 100
21 48
83 92
88 90
21 28
23 100
86 88
81 90
82 85
63 92
26 85
46 58
12 81
34 58
94 99
91 95
53 73
50 52
67 94
62 89
24 37
67 90
70 99
58 76
86 90
99 100
24 58
4 80
46 92
75 85
89 89
45 81
9 93
64 100
86 95
25 37
79 89
66 98
2 33
8 75
64 74
32 87
42 50
99 99
68 76
66 75
89 93
3 87
63 75
18 45
49 81
7 24
30 75
40 75
28 75
49 78
24 70
66 79
52 88
5 27
14 25
97 97
55 75
82 89
64 89
37 89
91 97
54 76
34 74
77 85
23 87
58 72
91 92
13 27
20 38
80 90
29 46
22 74
6 33
80 93
39 91
49 58
45 68
72 94
25 94
32 71
19 80
95 97
28 72
48 99
76 81
37 55
68 91
34 65
90 92
53 74
60 89
50 57
69 74
11 55
49 91
35 98
13 53
8 69
48 81
24 65
12 72
72 97
67 82
60 68
19 44
75 98
12 45
8 98
21 43
15 55
62 91
48 51
64 76
64 73
74 97
25 47
10 90
73 97
7 75
70 88
98 100
73 94
54 76
26 31
80 83
14 30
35 98
72 82
89 92
17 90
70 79
39 85
52 82
8 88
75 84
94 96
58 81
94 98
94 99
78 98
27 60
19 21
44 74
42 91
34 99
41 66
84 87
26 57
82 88
36 73
43 96
41 46
27 59
3 46
49 82
74 81
33 73
33 91
17 65
68 90
45 51
61 79
5 64
46 87
66 76
34 74
24 78
83 91
30 96
56 86
14 30
27 47
30 58
9 27
23 39
24 44
22 62
25 40
36 51
30 35
70 90
34 93
44 88
32 47
82 83
92 96
65 71
52 87
83 95
55 96
77 95
56 86
63 82
32 75
89 100
79 80
53 59
52 80
6 34
4 90
63 89
37 75
86 88
71 85
79 80
30 96
35 75
14 100
62 76
36 40
89 97
65 91
36 96
91 98
23 96
14 75
14 64
69 87
42 68
70 75
38 59
84 89
38 65
82 95
6 77
75 89
71 92
28 35
2 58
9 16
25 55
83 99
34 61
21 99
40 80
42 94
72 77
79 99
33 37
86 92
80 81
74 82
51 69
11 33
59 84
80 82
47 49
35 47
55 56
81 88
1 29
51 67
90 90
4 73
80 84
80 80
91 95
13 50
86 96
96 96
15 62
37 65
73 78
98 99
1 56
85 93
55 57
93 96
27 54
31 62
52 88
62 89
79 87
23 72
47 82
65 97
35 69
60 89
96 100
