97 919
1 2 1
1 21 1
1 40 1
1 59 1
1 78 1
97 20 1
97 39 1
97 58 1
97 77 1
97 96 1
2 3 1
3 4 1
4 5 1
5 6 1
6 7 1
7 8 1
8 9 1
9 10 1
10 11 1
11 12 1
12 13 1
13 14 1
14 15 1
15 16 1
16 17 1
17 18 1
18 19 1
19 20 1
21 22 1
22 23 1
23 24 1
24 25 1
25 26 1
26 27 1
27 28 1
28 29 1
29 30 1
30 31 1
31 32 1
32 33 1
33 34 1
34 35 1
35 36 1
36 37 1
37 38 1
38 39 1
40 41 1
41 42 1
42 43 1
43 44 1
44 45 1
45 46 1
46 47 1
47 48 1
48 49 1
49 50 1
50 51 1
51 52 1
52 53 1
53 54 1
54 55 1
55 56 1
56 57 1
57 58 1
59 60 1
60 61 1
61 62 1
62 63 1
63 64 1
64 65 1
65 66 1
66 67 1
67 68 1
68 69 1
69 70 1
70 71 1
71 72 1
72 73 1
73 74 1
74 75 1
75 76 1
76 77 1
78 79 1
79 80 1
80 81 1
81 82 1
82 83 1
83 84 1
84 85 1
85 86 1
86 87 1
87 88 1
88 89 1
89 90 1
90 91 1
91 92 1
92 93 1
93 94 1
94 95 1
95 96 1
2 79 2
22 2 3
4 60 4
24 63 4
44 4 4
64 82 4
27 7 4
85 26 4
48 66 4
49 9 4
31 89 4
89 33 4
33 71 4
53 34 4
35 73 4
55 18 4
56 76 4
95 57 3
96 19 2
26 76 13
49 42 8
22 67 8
2 62 4
21 59 1
21 54 15
49 35 6
9 91 7
47 87 3
5 6 2
59 75 17
94 56 1
13 13 1
11 16 6
95 23 16
55 53 3
52 65 7
61 36 14
44 81 2
58 84 13
55 25 12
92 2 15
16 55 2
76 33 6
75 23 15
72 2 14
25 55 12
20 75 3
40 56 17
47 29 2
56 86 9
16 18 3
24 18 14
33 15 2
26 42 4
64 45 1
13 30 3
22 93 15
50 61 9
46 71 7
30 12 2
87 86 2
96 52 7
48 57 10
40 41 2
54 47 8
10 93 8
92 91 2
41 49 9
17 95 3
69 42 9
2 66 8
90 56 5
45 3 5
18 42 15
86 5 6
67 80 7
90 60 12
22 9 7
31 92 5
70 85 5
5 17 13
90 41 12
95 71 6
37 18 1
67 51 4
70 31 2
11 78 10
37 80 15
52 8 7
43 89 9
80 74 14
79 85 7
31 6 7
94 10 9
67 61 7
48 16 7
7 49 5
78 39 19
16 25 11
69 94 7
78 45 6
35 27 9
6 84 3
16 24 12
76 54 4
60 18 16
24 3 3
76 40 18
43 91 11
78 33 13
65 45 2
60 81 3
29 9 2
71 41 12
27 32 6
14 74 4
41 35 14
23 42 1
12 71 3
60 93 15
8 13 6
26 68 5
79 44 4
54 9 8
73 94 3
71 28 6
76 88 8
91 46 8
87 40 10
64 37 12
37 60 16
39 79 18
65 26 2
63 52 9
43 11 7
16 66 8
43 4 2
46 26 2
25 41 4
83 44 2
82 43 2
94 83 12
30 31 2
81 76 15
88 94 7
33 90 1
82 8 3
52 67 5
24 63 2
75 84 11
50 59 11
23 49 8
93 70 5
31 38 8
80 79 2
8 51 6
78 55 16
49 62 7
75 77 3
45 76 13
25 21 5
87 39 10
58 68 10
31 55 6
79 66 7
30 57 9
88 39 9
94 27 11
38 51 7
68 39 10
13 50 2
19 27 12
68 52 4
14 79 12
27 52 7
49 15 5
6 41 4
67 15 6
84 28 2
84 34 8
74 56 2
43 17 13
48 38 10
67 95 10
31 89 2
38 57 1
18 56 1
38 31 8
5 89 9
72 59 14
87 80 8
17 24 13
5 58 16
54 15 2
17 18 2
77 89 8
38 62 15
38 76 1
92 71 3
38 92 4
10 62 6
88 57 8
15 81 11
23 47 6
36 54 2
52 95 6
82 78 5
54 47 8
79 64 5
14 43 10
4 37 15
37 7 12
75 76 2
26 6 2
42 12 9
32 31 2
22 22 1
49 82 6
13 14 2
76 5 15
37 74 2
54 10 7
66 30 3
65 80 5
10 91 6
52 14 1
47 55 9
23 83 4
22 49 9
13 75 6
53 4 12
88 27 5
60 35 14
53 19 5
15 84 8
93 60 15
28 68 3
4 85 6
42 13 10
81 72 11
88 65 5
26 64 1
49 52 4
45 11 5
86 65 3
49 46 4
11 40 10
42 85 6
52 44 9
2 48 9
7 94 12
57 49 9
75 71 5
73 77 5
73 88 5
80 81 2
76 69 8
73 83 10
47 67 2
36 12 6
10 38 10
15 5 11
81 29 6
91 54 2
16 46 9
74 24 13
76 22 17
85 62 5
27 48 3
42 23 1
91 30 5
28 51 5
15 45 9
94 16 3
26 84 2
76 93 3
67 72 6
77 12 9
42 43 2
81 11 7
54 66 8
42 21 3
33 9 6
50 62 8
74 72 3
83 74 11
18 65 11
17 27 10
4 44 3
49 73 6
67 3 8
16 44 11
73 88 5
16 70 4
6 7 2
53 21 14
7 2 6
21 18 17
24 71 10
79 93 15
74 34 3
69 79 10
63 23 3
16 96 5
96 23 17
17 7 11
53 92 2
65 94 11
45 21 6
18 69 7
88 13 2
70 77 8
13 88 2
70 47 5
82 95 14
91 42 12
50 68 2
87 45 5
87 49 1
81 61 2
36 59 16
57 48 10
56 45 12
87 27 4
23 87 8
52 60 12
6 25 1
58 45 14
15 92 2
78 58 19
18 24 14
50 17 6
37 50 7
68 44 6
84 96 13
96 92 5
54 12 5
54 5 12
40 70 12
82 69 7
19 92 4
90 19 6
51 10 4
73 12 5
84 64 2
90 39 7
68 42 8
11 52 4
60 54 14
61 38 16
62 36 13
88 2 11
89 9 5
27 65 1
90 93 4
65 44 3
54 38 4
22 79 1
76 26 13
93 92 2
58 23 17
7 80 4
5 69 8
60 9 7
5 24 1
88 72 4
18 52 5
46 11 4
67 10 1
17 91 3
73 62 12
59 63 5
60 43 3
83 2 6
5 27 4
5 8 4
79 14 12
69 37 7
69 66 4
27 69 5
9 69 4
69 72 4
51 36 5
23 11 8
19 50 8
47 24 5
3 77 18
84 64 2
11 77 10
2 76 18
57 40 18
76 2 18
23 45 4
46 29 3
20 64 14
56 42 15
96 69 9
92 90 3
23 83 4
39 16 5
56 83 12
92 86 7
89 45 7
85 2 8
39 44 15
44 84 3
15 34 1
33 28 6
90 53 2
9 83 3
3 31 10
17 38 3
33 45 8
77 20 1
9 57 11
40 71 13
96 35 5
78 80 3
72 93 3
17 82 12
88 70 2
43 50 8
28 96 12
23 33 11
49 44 6
4 7 4
74 82 12
47 8 2
45 81 3
38 10 10
39 7 14
41 17 15
56 17 2
19 59 18
48 87 2
88 31 1
91 78 14
16 95 4
36 4 14
38 42 16
66 40 8
65 8 1
88 23 9
92 29 7
5 10 6
9 81 5
5 65 4
75 54 3
82 67 5
72 65 8
34 81 11
51 13 1
4 37 15
89 32 1
3 89 11
49 15 5
12 52 3
32 14 2
24 16 12
41 21 2
48 60 8
9 32 5
17 18 2
44 78 5
46 86 3
45 74 11
80 75 15
70 65 6
27 75 11
71 25 9
18 14 5
10 46 3
95 43 15
27 16 9
78 95 18
66 91 7
26 91 9
32 17 5
22 24 3
34 64 9
85 68 3
33 46 7
74 10 8
76 48 10
69 81 8
74 39 4
53 93 3
94 56 1
8 87 4
87 62 7
82 5 2
78 96 19
27 57 12
87 36 7
21 5 4
9 50 4
43 21 4
18 88 7
13 48 4
81 73 12
96 38 2
72 87 5
10 21 9
76 37 2
36 3 15
37 47 10
8 14 7
41 18 16
19 68 9
46 42 5
27 86 3
47 64 3
55 45 11
26 96 14
53 37 4
87 89 3
28 71 6
57 67 10
4 25 3
71 63 9
42 94 15
21 28 8
22 27 6
75 36 2
83 88 6
16 55 2
91 74 3
64 69 6
71 31 3
10 24 6
29 57 10
63 48 5
13 22 11
5 78 4
52 78 13
17 72 3
53 11 5
56 26 12
35 35 1
68 31 2
35 16 1
19 8 12
63 53 10
78 73 15
57 65 12
82 22 4
40 47 8
17 18 2
61 83 4
79 90 12
61 6 3
52 68 4
39 43 16
20 89 8
34 72 1
90 62 10
88 5 8
95 36 3
61 51 10
13 81 9
34 28 7
50 69 1
36 32 5
36 52 4
2 15 14
87 71 4
77 4 17
42 89 10
28 96 12
93 43 13
65 49 4
23 2 3
60 95 17
36 38 3
9 87 3
71 93 4
56 83 12
3 45 5
90 4 11
83 4 4
10 28 2
49 6 6
68 15 5
95 69 8
84 44 3
59 20 19
48 19 10
56 16 3
61 35 13
10 28 2
48 36 8
95 11 9
91 78 14
92 89 4
33 65 7
40 64 6
52 9 6
27 30 4
86 26 4
81 53 11
47 26 3
22 33 12
41 78 2
8 62 4
3 82 4
78 80 3
76 32 7
55 29 8
12 35 5
53 7 9
39 25 15
5 44 2
86 4 7
92 49 6
62 64 3
71 84 7
58 30 10
38 6 14
78 4 3
41 40 2
14 82 9
34 23 12
24 42 2
43 25 2
74 73 2
69 91 4
76 75 2
76 73 4
55 54 2
15 35 2
54 71 3
8 17 10
77 36 4
46 76 12
73 66 8
41 62 3
76 69 8
40 75 17
40 6 5
59 34 14
95 68 9
48 55 8
5 66 5
91 48 6
34 84 8
88 75 7
56 8 11
31 45 6
35 50 5
36 87 7
14 66 6
60 7 5
11 95 9
38 96 2
39 21 19
72 73 2
81 33 10
52 11 4
54 89 4
33 30 4
27 40 7
22 28 7
31 76 8
66 26 3
40 57 18
54 3 14
8 44 3
74 19 3
15 47 7
58 85 12
44 59 5
82 24 2
37 54 3
4 95 16
61 17 14
64 38 13
63 90 9
49 75 8
22 27 6
61 57 16
2 22 2
19 6 14
47 72 7
76 80 16
20 72 6
62 85 5
33 82 9
90 87 4
54 71 3
65 6 3
76 2 18
35 72 2
64 23 4
21 92 15
51 29 4
81 73 12
47 42 6
9 65 2
27 42 5
63 36 12
89 26 7
22 6 4
44 72 10
67 80 7
60 3 1
23 67 7
40 51 12
40 48 9
45 15 9
56 55 2
81 6 2
72 62 11
28 75 10
11 56 8
9 4 6
20 75 3
83 7 1
89 43 9
45 43 3
95 24 15
64 5 3
45 57 13
49 37 8
36 54 2
41 46 6
73 83 10
17 7 11
21 51 12
83 46 2
71 23 11
66 31 4
6 18 13
29 18 9
45 53 9
87 43 7
56 65 11
4 72 12
65 80 5
12 60 10
31 68 2
66 55 9
46 84 1
60 15 13
31 31 1
86 49 2
74 57 3
25 68 6
92 82 11
29 59 9
21 73 15
19 18 2
19 92 4
19 22 17
73 9 8
25 17 12
28 2 8
25 57 14
56 11 8
64 14 8
76 49 9
75 12 7
6 49 6
90 24 10
84 39 13
35 29 7
6 58 15
94 53 4
96 76 2
22 6 4
57 12 8
22 46 6
4 54 13
93 96 4
36 26 11
31 48 3
51 95 7
49 19 9
13 40 12
11 13 3
9 11 3
48 6 5
72 18 4
68 17 7
18 36 2
15 3 13
96 27 13
48 67 1
16 33 3
82 66 4
18 19 2
44 14 9
59 78 1
22 2 2
69 56 7
13 53 3
11 16 6
45 58 14
87 75 8
46 47 2
89 5 9
21 61 3
57 6 14
24 79 3
41 24 3
73 62 12
56 50 7
33 46 7
14 44 9
70 65 6
39 71 7
7 42 4
8 4 5
42 42 1
77 37 3
61 51 10
14 62 10
40 4 3
8 38 12
50 16 5
1
1000000000
997308161
934528096
922234684
827185770
823452476
784266431
698547397
595068498
501765477
590000935
637706034
709616507
794202508
886557835
938553229
955212386
965390775
998223286
1000000000
979936552
875572032
848532705
806141248
704507862
659897892
564837437
529055634
469335196
478852890
530004369
640150448
682216489
727724415
786730449
830390259
929254276
999990183
1000000000
949430765
946884204
843916207
791155631
696306250
690855648
631422884
547076413
526988981
559328424
664931421
713009579
768388252
776558470
862243781
954184041
1000000000
1000000000
1000000000
894829516
821341791
790646961
764659152
718948836
678889907
666778831
563505996
496762496
535330902
621917590
705678753
715835432
738309850
798005785
907509994
973512020
1000000000
1000000000
985121172
972893762
898587927
787660834
702599726
638311539
597308145
490745666
460150173
482935955
525876495
636342612
703388913
751325807
854054566
922002877
1000000000
1000000000
1
