402 4450
1 2 3
1 12 3
1 22 2
1 32 3
1 42 1
1 52 1
1 62 1
1 72 1
1 82 1
1 92 2
1 102 3
1 112 3
1 122 3
1 132 3
1 142 1
1 152 3
1 162 3
1 172 3
1 182 3
1 192 1
1 202 3
1 212 3
1 222 3
1 232 1
1 242 1
1 252 1
1 262 2
1 272 1
1 282 1
1 292 2
1 302 1
1 312 3
1 322 2
1 332 1
1 342 1
1 352 1
1 362 1
1 372 3
1 382 2
1 392 3
402 11 2
402 21 2
402 31 2
402 41 2
402 51 1
402 61 2
402 71 1
402 81 2
402 91 2
402 101 2
402 111 2
402 121 2
402 131 1
402 141 1
402 151 1
402 161 2
402 171 1
402 181 2
402 191 1
402 201 2
402 211 2
402 221 1
402 231 1
402 241 2
402 251 1
402 261 2
402 271 2
402 281 2
402 291 1
402 301 1
402 311 1
402 321 2
402 331 2
402 341 1
402 351 1
402 361 2
402 371 2
402 381 2
402 391 2
402 401 1
2 3 1
3 4 1
4 5 1
5 6 1
6 7 1
7 8 1
8 9 1
9 10 1
10 11 1
12 13 1
13 14 1
14 15 1
15 16 1
16 17 1
17 18 1
18 19 1
19 20 1
20 21 1
22 23 1
23 24 1
24 25 1
25 26 1
26 27 1
27 28 1
28 29 1
29 30 1
30 31 1
32 33 1
33 34 1
34 35 1
35 36 1
36 37 1
37 38 1
38 39 1
39 40 1
40 41 1
42 43 1
43 44 1
44 45 1
45 46 1
46 47 1
47 48 1
48 49 1
49 50 1
50 51 1
52 53 1
53 54 1
54 55 1
55 56 1
56 57 1
57 58 1
58 59 1
59 60 1
60 61 1
62 63 1
63 64 1
64 65 1
65 66 1
66 67 1
67 68 1
68 69 1
69 70 1
70 71 1
72 73 1
73 74 1
74 75 1
75 76 1
76 77 1
77 78 1
78 79 1
79 80 1
80 81 1
82 83 1
83 84 1
84 85 1
85 86 1
86 87 1
87 88 1
88 89 1
89 90 1
90 91 1
92 93 1
93 94 1
94 95 1
95 96 1
96 97 1
97 98 1
98 99 1
99 100 1
100 101 1
102 103 1
103 104 1
104 105 1
105 106 1
106 107 1
107 108 1
108 109 1
109 110 1
110 111 1
112 113 1
113 114 1
114 115 1
115 116 1
116 117 1
117 118 1
118 119 1
119 120 1
120 121 1
122 123 1
123 124 1
124 125 1
125 126 1
126 127 1
127 128 1
128 129 1
129 130 1
130 131 1
132 133 1
133 134 1
134 135 1
135 136 1
136 137 1
137 138 1
138 139 1
139 140 1
140 141 1
142 143 1
143 144 1
144 145 1
145 146 1
146 147 1
147 148 1
148 149 1
149 150 1
150 151 1
152 153 1
153 154 1
154 155 1
155 156 1
156 157 1
157 158 1
158 159 1
159 160 1
160 161 1
162 163 1
163 164 1
164 165 1
165 166 1
166 167 1
167 168 1
168 169 1
169 170 1
170 171 1
172 173 1
173 174 1
174 175 1
175 176 1
176 177 1
177 178 1
178 179 1
179 180 1
180 181 1
182 183 1
183 184 1
184 185 1
185 186 1
186 187 1
187 188 1
188 189 1
189 190 1
190 191 1
192 193 1
193 194 1
194 195 1
195 196 1
196 197 1
197 198 1
198 199 1
199 200 1
200 201 1
202 203 1
203 204 1
204 205 1
205 206 1
206 207 1
207 208 1
208 209 1
209 210 1
210 211 1
212 213 1
213 214 1
214 215 1
215 216 1
216 217 1
217 218 1
218 219 1
219 220 1
220 221 1
222 223 1
223 224 1
224 225 1
225 226 1
226 227 1
227 228 1
228 229 1
229 230 1
230 231 1
232 233 1
233 234 1
234 235 1
235 236 1
236 237 1
237 238 1
238 239 1
239 240 1
240 241 1
242 243 1
243 244 1
244 245 1
245 246 1
246 247 1
247 248 1
248 249 1
249 250 1
250 251 1
252 253 1
253 254 1
254 255 1
255 256 1
256 257 1
257 258 1
258 259 1
259 260 1
260 261 1
262 263 1
263 264 1
264 265 1
265 266 1
266 267 1
267 268 1
268 269 1
269 270 1
270 271 1
272 273 1
273 274 1
274 275 1
275 276 1
276 277 1
277 278 1
278 279 1
279 280 1
280 281 1
282 283 1
283 284 1
284 285 1
285 286 1
286 287 1
287 288 1
288 289 1
289 290 1
290 291 1
292 293 1
293 294 1
294 295 1
295 296 1
296 297 1
297 298 1
298 299 1
299 300 1
300 301 1
302 303 1
303 304 1
304 305 1
305 306 1
306 307 1
307 308 1
308 309 1
309 310 1
310 311 1
312 313 1
313 314 1
314 315 1
315 316 1
316 317 1
317 318 1
318 319 1
319 320 1
320 321 1
322 323 1
323 324 1
324 325 1
325 326 1
326 327 1
327 328 1
328 329 1
329 330 1
330 331 1
332 333 1
333 334 1
334 335 1
335 336 1
336 337 1
337 338 1
338 339 1
339 340 1
340 341 1
342 343 1
343 344 1
344 345 1
345 346 1
346 347 1
347 348 1
348 349 1
349 350 1
350 351 1
352 353 1
353 354 1
354 355 1
355 356 1
356 357 1
357 358 1
358 359 1
359 360 1
360 361 1
362 363 1
363 364 1
364 365 1
365 366 1
366 367 1
367 368 1
368 369 1
369 370 1
370 371 1
372 373 1
373 374 1
374 375 1
375 376 1
376 377 1
377 378 1
378 379 1
379 380 1
380 381 1
382 383 1
383 384 1
384 385 1
385 386 1
386 387 1
387 388 1
388 389 1
389 390 1
390 391 1
392 393 1
393 394 1
394 395 1
395 396 1
396 397 1
397 398 1
398 399 1
399 400 1
400 401 1
392 152 2
283 233 3
264 32 5
105 83 5
66 167 4
67 56 4
58 48 5
29 389 4
330 218 4
181 319 2
182 14 5
321 371 26
400 344 29
61 331 53
216 278 74
260 78 26
40 268 101
267 174 69
383 350 21
38 256 70
165 329 93
104 44 98
20 225 55
111 79 18
145 327 95
64 257 81
182 21 60
396 263 41
22 25 30
337 3 78
214 99 52
182 138 44
398 67 77
267 254 67
109 19 22
103 289 32
171 20 63
136 155 26
66 25 27
53 269 7
220 339 79
328 77 40
398 393 14
102 55 12
188 188 39
220 360 76
196 241 62
235 202 90
295 20 43
78 103 13
387 115 28
76 180 102
57 24 82
277 356 33
341 83 97
377 174 62
263 283 37
188 355 5
34 267 4
330 73 66
9 181 92
221 168 65
221 195 41
303 306 4
206 248 89
389 307 34
149 148 19
122 397 57
330 341 47
129 110 38
396 89 77
184 328 34
56 338 75
162 26 94
279 270 4
315 128 11
58 276 35
311 264 18
364 44 15
280 210 2
53 49 82
5 137 66
268 308 56
95 105 23
218 87 29
373 259 61
252 346 67
182 114 52
52 128 101
305 4 28
230 108 62
93 32 78
140 325 68
201 312 102
363 387 81
303 349 93
18 297 23
300 67 32
283 73 66
400 80 99
242 26 19
213 307 84
391 64 18
318 57 69
115 59 83
178 338 16
318 397 71
172 140 103
333 77 12
32 50 95
189 198 70
331 131 79
288 8 70
114 341 66
208 283 24
181 275 83
386 219 9
328 296 62
227 294 32
2 394 52
391 301 83
157 284 92
272 102 32
95 234 96
87 282 102
198 108 4
224 367 33
263 80 56
320 373 70
193 298 53
156 126 55
242 241 10
183 346 97
369 146 76
214 373 20
308 338 44
281 108 43
335 209 42
103 322 17
34 369 20
160 20 60
151 398 4
224 69 52
8 217 56
116 42 78
256 272 94
136 296 38
383 272 62
296 208 92
136 97 74
26 301 46
385 316 53
104 316 19
181 336 31
313 124 13
271 355 59
259 128 49
132 170 52
93 232 65
137 64 42
160 275 41
286 367 12
196 325 29
170 116 33
201 98 67
361 337 44
22 82 60
239 66 102
251 254 60
272 326 16
271 308 14
360 257 49
84 228 86
23 269 95
152 211 18
74 284 92
12 97 6
386 28 17
134 98 82
373 172 77
269 389 15
353 352 72
203 11 10
52 380 29
19 242 10
273 58 36
390 231 66
217 184 19
225 117 18
126 168 11
154 267 20
298 11 47
147 323 67
281 214 104
146 321 98
272 344 28
184 391 81
348 206 79
56 23 11
313 22 64
119 4 25
335 76 88
206 337 20
338 5 71
94 159 36
118 264 64
56 329 84
195 396 29
214 133 26
179 206 53
302 154 73
183 113 2
206 395 19
73 201 106
393 262 60
156 295 31
140 197 4
96 199 14
398 79 69
198 246 93
387 18 71
374 301 37
258 356 4
64 83 74
3 300 66
248 306 65
184 256 80
4 388 73
217 152 7
88 110 33
322 20 77
388 375 33
230 109 8
173 110 98
111 47 22
192 250 25
78 325 13
196 84 29
252 4 11
348 253 26
372 371 70
112 17 100
336 75 41
196 352 35
195 160 56
81 72 15
126 177 74
172 180 26
151 212 31
342 376 53
346 401 89
115 186 8
163 42 6
304 249 37
227 105 43
146 60 62
101 369 18
96 120 23
15 28 8
204 50 32
331 253 66
12 374 88
87 216 96
254 290 71
76 392 20
281 76 40
46 5 58
232 295 78
60 245 75
316 297 71
314 297 100
263 236 19
246 364 91
263 205 89
7 126 34
79 178 99
44 206 8
101 155 37
312 137 40
175 331 21
70 8 34
330 255 20
229 142 91
259 177 79
145 198 93
391 203 63
321 389 101
4 231 72
135 101 76
295 249 4
355 327 58
261 79 84
147 262 18
106 92 27
317 148 64
257 216 85
371 234 95
44 52 81
126 397 34
299 161 39
331 129 85
183 67 71
64 313 3
121 201 87
199 234 69
141 51 8
198 7 66
158 208 69
13 83 16
372 100 30
244 249 45
362 198 16
115 359 97
383 16 80
119 189 94
296 298 59
401 384 27
303 350 44
127 120 43
285 115 11
88 141 59
42 97 53
115 370 95
199 288 41
356 400 19
14 322 82
363 318 18
283 121 66
46 337 28
398 167 27
66 391 54
235 90 60
180 311 24
368 265 85
124 256 65
307 195 65
357 274 54
206 339 71
398 376 67
119 342 62
400 115 38
223 295 79
338 125 75
356 165 76
343 331 12
360 19 79
70 398 26
162 33 32
208 175 55
51 307 88
56 346 99
26 187 24
218 268 76
187 137 48
334 312 20
388 267 29
246 291 26
322 4 42
100 284 93
252 335 90
275 160 84
207 97 11
284 290 12
326 329 93
127 129 92
259 393 73
294 140 69
353 58 70
62 63 14
335 91 62
304 164 26
345 219 50
368 171 22
199 80 41
169 162 80
53 235 84
167 50 73
64 87 47
280 338 14
14 295 15
89 83 50
159 318 42
234 158 8
334 295 76
270 388 44
108 286 35
78 87 29
399 43 23
35 244 19
272 173 14
210 154 9
342 344 80
371 32 97
193 232 61
36 34 41
253 287 13
172 69 40
80 256 48
392 94 90
308 288 84
348 139 21
378 389 92
396 387 92
145 106 20
228 291 35
291 113 23
333 249 19
203 26 88
189 379 44
122 251 49
399 328 82
110 174 64
267 198 44
140 172 64
376 55 80
325 273 56
96 163 40
174 151 43
238 179 86
382 313 72
377 354 45
221 74 7
44 82 5
198 303 83
21 320 37
218 15 48
287 339 101
272 342 31
142 355 93
210 361 81
143 149 18
335 43 33
299 116 6
197 197 71
298 377 81
34 401 80
376 72 43
243 82 37
100 61 99
186 307 15
3 31 33
141 192 29
21 347 5
134 189 82
303 110 97
244 149 50
352 258 8
188 260 84
199 172 19
158 127 41
47 182 26
322 127 16
273 381 67
399 124 33
105 346 30
27 81 42
200 127 79
244 136 42
207 194 49
92 102 37
400 197 85
114 276 94
300 143 38
71 45 35
378 22 6
89 191 69
364 116 47
123 249 22
332 215 63
244 222 45
287 132 51
285 286 31
116 114 23
191 111 40
248 206 69
186 159 94
87 22 85
359 118 55
87 79 10
44 76 9
41 320 99
342 382 37
95 170 43
193 133 76
186 158 33
145 376 87
86 399 23
386 263 52
211 112 99
235 88 24
385 349 85
314 370 91
256 60 86
364 42 76
139 142 57
289 324 100
75 337 2
294 323 29
291 295 103
320 258 51
189 172 101
370 244 75
105 261 26
305 372 43
388 12 22
151 28 47
231 29 29
109 324 27
96 80 24
369 176 69
77 268 72
173 388 22
338 315 86
378 49 4
389 125 34
359 255 43
194 376 59
324 5 33
375 362 23
141 271 12
23 189 61
30 398 29
381 359 47
242 246 17
391 139 97
269 344 100
210 212 55
309 226 36
264 27 15
277 242 58
356 110 74
249 360 14
166 68 57
41 300 63
352 103 46
366 252 46
73 213 49
224 128 95
373 291 20
269 54 57
102 59 81
95 355 74
397 343 31
100 323 50
288 135 8
228 45 92
69 3 24
68 9 42
86 273 4
331 401 35
168 388 63
107 359 43
220 111 56
364 183 71
264 191 56
39 87 80
80 34 23
269 387 98
387 393 50
40 307 6
289 340 57
59 105 37
264 388 63
55 151 14
171 363 104
61 293 98
224 56 24
65 47 90
370 13 72
114 375 90
318 286 101
306 13 25
139 268 93
114 100 74
307 138 47
97 388 80
166 77 63
80 131 15
234 391 13
378 183 68
101 354 22
213 3 89
303 248 103
224 201 74
351 175 74
400 199 58
74 161 47
158 331 80
127 361 45
87 194 40
310 374 54
274 185 23
147 295 49
51 4 8
193 25 60
235 169 87
191 249 73
107 3 36
102 204 22
399 12 37
173 251 74
363 75 82
239 70 45
190 108 45
186 135 80
215 257 83
321 259 72
216 64 27
90 165 11
333 54 16
227 4 5
274 8 31
284 250 50
359 274 14
31 324 102
177 205 75
191 191 13
16 50 45
173 382 95
266 306 97
31 361 38
82 333 63
220 382 86
125 97 49
396 341 78
26 126 17
144 394 13
27 90 71
389 122 51
53 122 2
195 163 70
95 67 66
307 69 96
137 112 6
81 209 17
108 152 91
75 105 17
222 368 50
20 236 6
94 127 33
29 156 92
45 161 38
14 362 9
262 268 19
300 380 82
373 147 65
298 391 58
246 323 72
332 124 70
194 252 7
319 161 41
191 370 60
233 159 90
287 107 44
354 6 30
184 308 91
243 104 54
122 134 94
335 355 80
41 373 61
66 188 63
270 150 94
335 65 88
258 241 94
88 100 65
2 118 77
118 182 62
119 148 7
13 294 18
387 13 6
41 368 36
100 156 63
376 93 100
244 178 71
73 31 72
235 169 41
349 203 85
35 308 3
212 93 99
205 147 18
381 149 2
338 246 17
297 22 43
95 283 58
232 277 92
227 176 80
165 237 24
75 235 85
15 161 68
214 320 103
291 342 33
188 162 94
106 215 86
236 172 13
33 97 14
273 95 91
302 374 62
315 25 74
387 54 36
58 138 35
330 241 78
68 353 32
169 136 12
270 220 3
148 289 69
50 174 100
359 258 78
138 120 35
9 12 78
226 133 42
193 328 27
347 241 30
236 387 83
29 293 18
382 371 69
235 129 23
198 126 85
277 27 3
151 25 53
198 176 55
54 150 43
178 218 45
163 139 50
154 235 9
201 318 54
24 251 102
92 161 65
164 93 16
113 257 21
335 159 32
307 211 5
260 160 40
335 95 14
246 95 94
231 5 94
137 297 13
165 70 20
223 323 2
68 169 55
226 195 69
350 301 53
133 157 11
283 333 26
129 305 13
64 67 29
270 110 1
159 160 93
172 172 74
195 200 104
367 393 17
65 214 82
134 305 36
228 170 99
379 283 25
238 14 63
206 263 11
211 342 40
123 157 94
207 180 8
81 335 6
160 270 5
132 16 22
201 196 86
295 285 53
65 69 88
14 361 61
365 268 42
131 29 94
276 25 5
194 298 93
109 96 72
323 27 78
325 349 80
401 343 61
150 188 22
147 12 78
190 363 94
20 298 45
141 57 71
124 44 81
115 325 12
378 87 66
113 120 63
232 365 55
137 358 32
356 162 38
55 263 10
234 277 56
47 246 81
295 192 81
228 6 96
28 257 80
339 153 41
339 109 26
342 211 20
230 233 7
276 22 26
390 315 67
289 299 59
346 390 15
235 335 22
231 283 95
301 106 84
237 278 78
370 326 87
10 22 51
41 290 68
219 285 97
200 134 46
198 301 32
63 323 74
161 327 88
319 260 41
191 226 91
329 300 49
101 38 20
41 28 92
344 193 81
115 391 95
254 257 77
34 86 21
209 85 67
42 298 99
174 101 22
323 277 69
185 92 17
82 214 15
396 140 32
12 197 77
228 194 89
111 395 39
7 66 71
9 251 62
313 284 5
110 176 7
316 11 69
87 370 76
252 48 35
304 81 62
199 163 36
83 226 67
148 59 68
290 4 59
17 208 15
400 225 80
223 30 59
314 293 100
79 20 17
257 171 94
359 39 76
47 52 97
133 150 80
111 293 8
100 160 86
228 254 36
293 305 69
208 79 2
397 125 85
124 76 88
389 259 81
388 225 102
280 397 41
56 160 34
194 48 5
373 292 55
247 158 5
366 380 11
316 308 7
331 60 99
182 174 86
166 298 82
180 136 13
7 367 95
114 109 43
196 230 103
379 10 79
163 360 29
230 103 74
384 225 18
31 178 54
327 187 30
13 54 29
366 59 23
161 90 27
125 86 36
393 174 36
157 395 95
108 284 13
168 370 61
287 115 36
232 27 97
194 336 7
352 322 52
302 17 25
337 118 36
33 205 31
41 311 4
132 260 30
226 14 44
221 93 36
298 256 58
32 366 33
357 123 39
59 86 67
359 385 56
97 254 14
279 78 93
344 211 32
93 18 58
250 59 95
227 171 61
54 334 91
236 120 83
242 35 58
197 85 24
257 342 12
378 107 43
289 192 17
136 352 81
244 134 84
234 291 13
6 361 51
134 199 24
123 56 31
301 395 30
162 336 70
75 109 61
277 276 88
175 243 19
180 254 48
145 121 25
32 376 48
203 286 90
34 279 17
59 83 30
183 102 74
377 115 26
87 101 70
144 246 56
317 215 93
19 226 24
308 89 64
356 223 100
398 245 81
258 173 30
133 133 83
161 241 44
319 357 25
118 155 64
233 251 21
45 44 80
91 278 89
32 350 92
360 61 17
180 62 68
352 243 85
400 240 77
387 342 20
24 21 79
250 85 87
39 231 17
278 254 93
24 328 48
247 10 67
377 253 52
247 163 77
378 159 63
220 151 39
49 92 55
262 202 10
295 297 50
203 72 87
222 348 94
262 329 65
96 278 31
129 328 2
382 199 85
194 263 19
303 386 80
257 176 15
196 243 95
368 123 38
40 339 7
8 296 95
374 140 25
314 385 88
294 139 91
207 331 39
62 76 31
297 179 28
98 92 54
230 358 38
13 369 11
288 273 16
274 130 11
225 348 37
142 239 44
33 142 84
372 373 37
256 125 14
130 144 58
177 284 26
234 316 93
190 306 68
290 177 74
351 212 28
3 177 19
384 220 85
372 47 43
275 106 85
192 93 60
229 160 88
271 132 78
108 121 68
184 120 97
205 183 31
37 380 91
62 24 53
349 391 85
119 113 104
269 316 15
163 140 90
342 65 5
244 133 2
383 364 72
108 269 14
77 15 11
84 387 66
216 315 98
271 112 98
231 269 17
277 263 38
46 175 77
369 292 96
152 229 31
51 212 69
69 238 99
179 195 21
283 246 85
116 395 50
100 225 68
186 92 39
311 165 22
274 254 66
243 256 32
33 21 8
268 382 47
77 245 31
258 325 20
84 300 51
96 217 65
29 139 39
320 69 28
274 146 14
248 283 93
290 109 42
17 337 4
177 280 9
41 133 14
320 289 1
139 303 35
140 335 91
337 153 6
82 393 14
92 82 70
129 103 56
246 371 17
379 17 18
80 341 82
234 63 78
5 246 40
216 29 34
110 144 95
202 255 54
77 109 61
107 391 86
16 67 11
174 368 32
270 171 31
191 128 98
367 369 6
348 6 98
110 187 93
245 172 23
211 267 44
82 337 103
317 165 42
338 254 20
377 357 11
4 216 20
190 390 98
329 305 100
214 360 10
50 78 38
76 160 48
192 24 35
295 218 37
385 13 11
79 159 39
78 301 76
297 154 32
30 313 19
100 183 28
117 40 80
35 293 66
241 316 22
258 315 8
137 58 35
65 368 46
176 392 64
350 3 101
63 287 63
329 283 44
348 181 10
391 188 88
215 353 94
230 394 31
45 3 36
257 266 24
89 90 4
368 289 36
107 267 49
87 144 73
221 129 37
202 397 94
136 165 58
290 14 69
195 84 24
289 350 74
199 385 24
266 206 22
239 217 17
87 353 69
54 349 25
338 225 28
92 143 60
156 330 69
326 330 16
247 318 95
55 163 2
187 44 14
27 271 33
72 84 60
104 68 64
207 182 94
306 74 77
259 101 68
241 391 57
71 11 30
33 249 27
257 333 70
239 241 91
33 96 15
104 280 26
373 259 93
20 249 1
369 250 15
91 399 16
245 280 87
318 54 5
308 129 99
305 333 15
156 23 80
146 392 73
39 52 45
142 268 14
311 297 63
268 40 6
161 2 67
235 359 37
170 312 87
59 331 59
303 106 77
145 20 93
92 64 62
206 370 84
280 177 39
189 242 29
336 154 78
123 226 75
105 73 48
255 385 33
183 34 36
131 170 11
219 179 5
235 30 100
370 338 67
167 367 90
74 295 83
117 41 99
186 127 36
99 228 36
192 323 79
5 75 83
23 234 13
141 91 89
32 264 51
150 47 72
207 163 58
270 280 61
154 375 90
305 137 84
118 278 73
83 105 51
242 328 63
267 127 40
206 364 80
372 50 34
133 42 12
300 83 37
153 401 52
272 199 47
8 152 50
86 132 10
364 305 83
277 299 19
372 213 52
48 340 97
307 192 83
198 19 66
309 235 65
70 317 60
309 70 8
284 193 89
270 163 44
110 34 47
160 43 18
251 332 28
174 9 59
131 13 69
116 177 15
262 333 14
71 266 80
187 6 64
88 178 57
168 295 79
336 304 79
356 143 38
129 360 39
12 137 6
284 293 68
14 105 87
317 129 2
221 241 3
171 287 67
339 377 27
269 280 29
368 12 68
159 113 13
378 212 29
70 166 68
257 277 43
147 83 47
376 153 38
127 267 23
332 163 13
191 59 26
132 44 16
36 299 18
168 299 31
31 62 33
400 364 15
167 381 54
215 321 100
258 78 87
54 72 66
317 256 37
245 313 17
88 145 61
17 176 67
40 370 75
133 126 34
49 337 61
34 156 92
288 201 31
40 311 4
163 61 105
81 211 47
163 344 66
328 293 74
36 221 90
382 270 27
187 210 9
336 144 45
277 222 37
196 218 31
78 250 35
266 328 18
31 387 85
50 72 75
138 200 36
316 361 24
196 50 72
370 94 13
398 195 24
376 235 34
18 346 61
107 398 87
182 376 20
186 96 63
271 328 4
5 206 28
337 39 59
95 78 81
378 52 96
89 157 40
32 299 49
369 332 9
73 56 36
180 279 99
378 5 92
309 126 7
38 213 5
105 120 40
349 5 20
388 81 70
201 34 29
213 378 18
114 261 32
169 300 90
70 270 61
234 355 18
398 199 97
257 288 79
331 209 79
52 363 94
138 13 39
113 14 62
272 235 30
377 165 39
132 136 55
248 261 29
20 176 20
343 264 71
305 365 37
237 400 65
186 28 56
37 111 11
276 67 12
255 268 70
52 231 27
292 305 83
358 327 55
83 365 67
189 135 12
90 216 103
355 67 58
334 138 54
397 126 3
243 49 18
119 242 34
189 226 32
334 196 39
202 234 19
31 388 53
78 195 69
99 8 40
335 86 74
68 212 77
324 334 29
346 3 63
64 181 89
280 305 22
17 135 3
334 321 71
277 87 5
65 397 85
68 288 10
175 103 101
392 136 94
125 386 37
119 63 22
261 96 16
247 70 50
145 400 104
143 281 76
156 66 66
218 27 57
19 82 104
219 335 76
165 222 93
63 5 95
165 118 5
26 282 80
246 298 5
298 175 25
140 269 32
262 298 8
237 166 70
213 316 59
169 350 71
323 102 7
223 114 77
260 89 24
22 217 92
82 57 80
349 259 43
332 347 40
315 21 34
103 206 34
59 12 11
123 338 57
186 10 4
241 20 22
121 242 38
228 358 97
362 370 87
152 52 62
261 155 66
100 71 19
358 211 14
128 332 101
141 238 46
56 282 55
209 332 102
272 278 80
178 221 37
162 120 40
275 332 38
211 300 41
182 173 28
346 244 60
320 142 20
85 28 52
31 146 9
26 358 59
116 68 22
290 110 91
330 89 30
336 286 3
300 198 53
46 163 53
117 285 26
221 395 85
7 118 97
247 311 9
230 93 73
132 359 28
227 65 41
214 377 50
338 137 43
128 195 57
235 344 4
34 109 75
227 263 37
17 399 2
18 217 60
314 311 90
381 119 52
359 162 52
173 358 41
345 40 8
348 274 19
25 265 91
159 110 99
244 182 28
156 143 44
105 316 29
173 381 106
261 56 66
167 72 80
205 295 20
212 29 84
397 180 58
57 89 38
58 313 100
331 78 37
55 369 85
43 337 36
74 11 75
387 381 23
333 222 14
73 230 60
33 76 79
21 134 17
184 11 76
56 86 89
175 349 28
109 5 86
393 244 33
164 282 34
389 3 79
219 364 15
234 153 22
254 52 81
85 389 96
128 153 39
255 92 64
358 126 24
57 257 15
252 225 87
201 284 79
263 400 70
93 374 62
389 218 83
351 334 102
277 196 53
292 331 23
234 78 72
199 208 31
290 289 32
333 39 9
181 63 66
194 123 13
85 174 2
303 3 93
68 309 60
288 177 48
136 228 86
401 189 44
62 24 36
298 257 88
389 20 7
354 295 74
93 226 83
270 341 14
269 256 47
276 371 13
96 256 43
52 190 74
276 69 4
93 220 45
70 71 10
381 202 20
65 74 100
63 231 64
329 49 20
308 303 89
67 20 20
101 90 44
376 286 95
332 400 65
350 279 87
253 153 12
363 397 6
362 62 73
8 175 97
177 306 99
193 135 84
188 357 92
210 26 47
169 384 92
265 26 59
51 10 44
312 259 71
318 142 88
98 275 96
390 332 10
223 326 15
133 289 77
238 265 77
397 198 62
63 306 71
38 324 55
105 115 21
151 16 41
199 268 85
17 263 5
200 238 53
328 89 27
28 364 31
325 188 15
394 26 82
352 116 64
349 285 74
244 140 56
87 360 76
299 2 50
280 346 13
348 397 29
47 138 7
244 209 94
244 222 23
202 58 21
174 23 99
70 78 90
51 285 75
91 45 102
57 6 18
140 335 43
96 208 23
132 392 51
300 377 14
84 291 75
343 372 43
312 94 77
211 342 81
395 389 10
63 118 76
271 250 73
274 251 31
16 135 68
49 324 88
335 318 77
197 352 94
126 328 16
289 371 79
173 194 42
207 221 5
159 158 60
169 340 83
362 256 98
272 215 32
286 339 102
209 312 67
238 185 55
174 270 61
240 80 29
202 387 56
12 358 41
14 183 93
94 146 70
250 111 69
203 72 88
216 294 47
222 353 48
90 400 78
191 247 77
143 166 11
95 92 15
144 187 92
7 151 6
354 264 52
185 56 35
209 343 51
181 127 6
240 301 62
194 197 81
275 267 3
86 289 8
3 217 94
337 157 25
370 184 44
125 80 62
44 160 32
61 155 57
109 186 81
320 400 35
194 8 78
98 257 76
275 128 10
129 217 68
151 189 48
46 37 58
268 160 65
307 68 90
16 386 73
323 261 13
363 317 38
226 33 37
329 93 104
208 215 3
196 388 54
392 133 41
350 57 41
232 394 76
190 9 62
145 236 52
301 261 74
20 60 28
217 117 11
267 117 83
241 41 37
143 234 43
181 206 44
328 366 53
213 117 48
178 90 92
32 143 32
395 302 16
165 334 68
357 346 13
385 27 53
185 363 19
160 220 51
84 245 9
393 329 47
297 385 99
133 104 70
315 121 13
33 243 63
393 365 27
93 48 101
8 62 93
130 326 28
158 175 44
107 78 50
219 79 21
123 266 51
52 3 47
285 102 4
260 17 21
145 184 2
113 399 17
91 385 29
343 329 76
391 229 47
2 136 64
394 2 84
158 142 15
352 196 6
238 58 27
43 278 17
135 11 88
244 286 14
31 340 6
130 22 37
30 345 47
317 6 59
339 46 37
68 85 78
377 76 100
360 87 63
374 79 8
121 178 100
253 313 67
353 192 75
75 54 65
7 334 6
263 5 16
297 121 13
138 368 68
96 355 98
340 324 100
99 386 48
78 359 36
362 27 5
178 183 77
240 301 70
282 356 22
401 40 38
362 84 16
318 153 15
13 138 72
353 360 22
220 313 38
91 53 65
377 229 31
333 89 13
79 232 64
86 334 32
355 211 32
388 328 38
146 27 62
383 41 30
27 209 43
3 381 44
177 267 5
292 330 21
123 371 53
18 314 96
356 163 51
15 258 18
391 334 68
44 359 74
327 213 63
277 149 53
382 43 70
306 48 5
30 33 92
256 45 99
327 393 29
175 276 72
263 194 23
285 30 42
218 82 33
64 288 53
96 65 81
360 100 38
271 199 85
25 9 31
144 280 18
60 48 97
196 19 7
384 62 86
169 271 13
382 184 83
175 306 69
140 132 37
381 184 13
32 182 58
382 190 74
282 170 75
181 302 13
105 18 16
151 391 23
187 40 88
376 353 58
329 114 46
98 209 18
305 255 37
282 222 14
25 42 62
57 279 94
58 72 40
62 132 15
53 63 81
336 58 74
371 53 73
217 84 74
308 258 39
267 289 76
86 161 104
72 22 21
231 242 106
344 185 22
194 370 11
151 114 84
139 284 31
301 313 9
351 384 63
204 400 35
17 98 4
278 399 13
272 360 30
174 44 73
387 336 72
110 42 82
285 210 8
372 162 69
221 154 102
307 148 97
329 319 91
188 248 88
70 49 46
370 105 26
76 233 91
288 200 70
90 341 50
40 4 50
179 80 59
100 360 68
13 387 7
63 232 43
254 218 83
157 220 28
172 28 95
92 31 95
251 389 63
63 161 60
395 138 67
131 377 74
70 271 54
142 323 5
55 208 78
80 127 54
65 376 80
290 17 54
55 337 3
238 53 63
287 109 72
380 163 83
208 396 82
261 114 67
343 113 89
28 271 84
14 195 75
146 364 51
273 182 40
237 207 1
111 328 82
393 353 1
338 336 92
329 123 10
160 222 81
250 21 89
325 203 38
63 42 60
194 93 33
42 396 13
136 153 69
50 171 97
278 268 16
367 45 62
336 371 25
58 175 83
346 360 31
140 132 101
397 184 32
11 152 19
274 86 86
319 278 56
370 186 7
261 307 4
30 350 54
70 229 45
376 171 32
269 264 21
196 92 90
148 87 26
91 229 36
199 372 33
44 150 6
225 43 41
329 289 97
193 163 28
188 230 77
135 309 57
35 65 69
152 230 11
264 270 57
26 203 87
138 398 23
219 392 59
271 334 77
193 286 15
301 150 54
113 162 17
228 252 26
8 224 48
75 123 93
201 85 69
29 168 81
201 260 22
96 334 37
83 208 21
297 289 41
154 94 43
160 15 49
135 264 57
200 335 65
110 84 38
286 57 83
293 139 95
369 219 90
150 244 31
183 203 58
333 36 25
187 211 67
85 401 15
267 173 102
129 57 76
243 10 32
364 273 16
204 278 38
92 232 11
224 205 36
42 142 57
36 59 40
49 237 97
119 341 14
234 296 10
364 375 69
75 349 96
373 375 30
309 214 99
54 181 102
379 89 35
87 240 37
209 125 58
235 68 15
382 221 105
131 11 90
31 368 40
296 209 82
36 320 72
11 111 67
347 332 88
363 8 49
396 191 61
156 205 29
84 83 31
134 396 53
376 47 10
82 401 34
347 154 76
84 352 88
393 383 74
121 228 16
222 120 60
238 280 26
215 379 5
370 25 85
389 82 66
50 288 5
292 48 76
144 35 21
3 144 8
357 293 97
39 30 27
27 236 56
346 310 52
42 344 23
390 120 32
272 97 6
121 31 87
275 233 68
399 391 10
383 119 84
336 108 78
69 253 47
216 341 32
388 384 61
11 267 47
384 369 92
191 102 19
38 320 14
356 272 84
210 356 75
309 99 79
292 109 7
383 167 91
19 94 8
180 296 16
238 117 96
247 165 46
394 167 70
103 331 84
170 392 27
310 370 32
79 213 86
34 192 84
26 205 33
65 189 30
312 60 82
137 174 3
365 357 89
64 271 66
74 284 86
385 129 76
226 388 50
248 319 95
359 156 45
95 180 74
279 44 48
88 219 40
73 391 71
301 109 39
32 257 68
339 48 34
382 65 65
133 145 21
332 264 100
14 79 76
151 316 18
268 72 40
393 7 72
250 238 61
26 40 68
185 364 8
390 227 26
204 165 20
244 359 78
174 250 41
285 165 64
207 229 60
63 17 25
319 200 80
156 258 85
102 121 38
187 97 9
24 204 37
301 147 76
47 160 62
181 181 74
318 48 15
394 144 37
128 92 37
213 237 69
221 91 10
176 60 37
129 301 49
324 140 87
345 199 12
207 204 92
175 169 39
371 69 21
151 300 92
157 347 81
211 213 62
70 37 42
395 395 16
218 391 49
106 245 69
92 141 98
312 220 56
221 264 44
164 349 48
140 375 62
206 154 42
256 323 70
39 381 35
149 211 37
360 212 23
134 156 22
381 177 22
97 343 56
81 257 66
303 290 95
69 231 32
221 209 23
110 58 34
61 329 97
351 249 54
290 177 5
364 261 54
264 78 53
249 235 36
253 376 83
335 76 22
235 397 57
224 46 3
45 85 8
245 268 11
285 374 48
137 177 78
218 236 51
325 296 57
190 316 38
116 12 59
4 111 77
5 87 50
82 229 29
359 186 58
266 13 7
274 98 46
395 35 54
114 109 100
292 84 25
320 165 26
41 228 13
346 359 83
270 63 93
82 348 51
146 178 91
41 19 55
111 8 7
246 282 99
292 165 30
217 169 59
249 63 37
228 27 41
213 39 20
270 359 81
322 397 92
250 356 52
192 144 82
238 197 27
249 226 9
323 208 49
269 73 90
301 30 30
310 230 30
107 260 75
13 274 57
182 377 92
150 272 57
142 141 87
119 312 38
47 284 91
15 166 22
237 251 45
179 193 23
401 252 68
91 134 81
273 128 16
59 138 27
265 277 53
32 165 19
373 162 31
95 220 38
129 10 68
385 192 91
203 124 98
127 346 58
85 97 76
50 29 8
77 315 45
119 327 91
154 387 97
132 341 63
156 400 29
298 151 9
260 212 26
83 399 67
273 24 40
55 246 29
8 114 55
324 160 84
296 111 102
83 131 90
362 24 72
113 271 20
162 292 65
51 125 66
373 380 36
246 240 32
370 61 78
331 113 98
160 8 13
37 245 80
350 70 27
21 361 75
319 308 59
261 401 26
359 82 77
28 209 19
92 295 33
291 186 26
261 259 13
85 104 12
126 225 94
74 287 9
305 349 87
176 269 61
42 100 99
46 49 22
8 126 24
18 88 33
239 72 102
371 399 57
100 202 77
59 103 96
317 143 25
114 371 55
373 336 33
321 243 44
376 93 16
394 324 35
13 19 83
312 324 30
334 168 33
44 168 94
205 389 51
273 158 42
234 199 8
356 68 65
373 74 21
31 109 81
121 19 29
17 36 33
125 205 30
164 169 99
91 304 9
184 393 39
111 211 63
36 346 67
119 149 12
349 279 69
188 357 61
33 7 55
136 134 23
162 352 76
336 222 85
62 203 84
244 172 63
351 75 6
267 220 33
288 313 26
87 62 97
356 223 17
35 26 77
383 117 90
72 241 40
325 224 33
8 221 56
69 203 36
237 164 29
66 400 93
378 19 43
283 350 12
363 47 25
110 323 20
315 183 13
176 377 31
131 192 29
163 63 8
32 152 49
295 318 17
165 103 54
198 340 26
265 149 101
130 186 67
143 65 18
259 215 30
52 365 44
93 307 70
147 351 80
95 372 49
162 249 16
370 203 22
19 90 7
3 243 29
137 49 69
46 382 34
373 183 45
117 81 62
310 389 1
181 384 54
186 51 99
118 133 61
371 209 72
209 3 103
111 90 37
361 117 74
44 221 52
206 271 8
205 191 31
56 149 65
142 202 88
130 392 84
397 390 83
88 211 84
186 282 38
350 401 16
157 328 69
368 385 21
45 181 30
293 223 99
39 139 30
29 117 28
230 294 104
250 150 33
165 327 8
375 91 6
400 310 17
217 380 91
205 289 10
54 173 2
87 243 30
360 312 40
238 373 61
256 211 94
87 371 50
73 65 63
224 131 60
73 309 35
259 334 69
88 311 97
186 20 82
283 220 18
148 314 40
42 292 13
38 114 55
246 61 11
218 288 53
146 355 12
127 396 12
119 283 22
203 67 77
389 171 55
249 254 86
358 308 62
221 269 40
52 3 2
290 382 54
66 377 15
283 397 46
161 167 101
248 287 23
359 201 32
251 35 20
314 253 96
27 120 81
47 317 17
222 99 66
80 274 20
360 318 93
398 331 14
238 201 34
289 295 17
197 104 42
320 285 98
256 47 86
91 125 21
79 244 71
97 97 75
120 156 32
230 255 72
284 187 65
280 209 57
233 273 1
93 19 87
346 395 49
355 358 97
394 386 38
56 134 6
111 379 9
256 118 65
99 215 7
361 280 84
395 14 77
293 310 91
225 289 71
394 369 37
85 206 39
176 161 51
84 97 31
192 184 18
271 376 21
178 136 76
339 255 28
82 49 19
354 395 50
56 322 4
210 189 16
377 336 82
22 155 67
174 91 35
305 274 13
332 67 65
95 147 3
336 15 90
282 216 56
22 147 53
110 293 35
368 142 90
46 200 34
357 208 4
315 201 32
19 180 6
324 298 23
215 276 48
208 54 74
326 203 50
97 354 96
75 226 71
220 292 32
232 200 93
349 137 65
77 49 2
295 112 53
366 115 93
215 323 26
19 177 28
13 364 47
151 135 89
267 197 74
141 60 39
17 167 76
370 290 20
300 196 48
235 369 75
39 60 93
186 94 66
359 307 11
366 355 86
19 206 24
298 373 80
136 150 9
286 100 11
88 92 33
238 49 23
148 142 46
392 151 89
31 90 35
293 153 24
96 329 64
61 216 36
106 246 15
205 384 27
59 131 45
245 39 72
365 144 14
236 76 93
104 329 93
326 328 37
63 301 82
8 105 91
281 195 37
204 375 21
153 328 87
160 243 99
28 194 57
98 227 50
337 243 54
12 393 77
66 210 4
106 150 25
201 190 25
94 295 20
219 283 15
377 287 87
395 268 28
129 222 18
35 207 28
185 11 67
52 135 51
59 387 84
303 93 28
68 325 92
258 17 49
8 224 103
98 29 98
136 321 11
12 71 105
335 336 15
241 139 41
328 366 70
291 22 23
178 378 22
373 353 98
247 371 73
207 73 62
373 109 81
47 374 22
239 215 66
190 161 32
101 263 25
331 95 52
301 115 47
333 281 83
265 142 59
200 360 47
166 56 1
208 226 55
349 401 3
203 380 28
392 154 85
352 56 7
329 23 27
84 299 71
8 349 26
238 5 70
196 364 9
294 140 74
257 17 64
219 293 59
152 155 50
9 179 52
77 163 73
171 46 32
295 28 80
184 9 92
76 332 29
321 95 93
275 239 10
146 218 73
152 400 62
115 209 78
153 268 98
189 84 86
291 87 47
395 364 18
368 101 27
183 292 43
150 229 52
11 335 10
114 271 39
218 41 86
386 88 56
142 29 57
332 363 57
72 326 10
349 367 5
244 286 50
66 317 22
305 115 80
359 348 96
128 394 93
153 321 36
183 248 57
271 37 91
324 134 74
347 167 90
201 58 30
292 46 101
2 205 70
169 191 49
24 319 35
120 91 100
169 131 75
393 112 66
311 292 106
88 136 11
288 114 17
210 135 13
234 182 67
154 350 59
298 183 102
53 306 68
134 61 94
223 339 29
213 390 82
19 66 81
98 150 10
52 378 46
341 47 34
301 86 90
209 363 75
251 291 78
221 218 7
285 202 25
186 190 33
337 101 31
203 55 66
93 242 82
376 222 15
273 31 65
360 292 26
150 245 48
247 247 6
60 179 61
327 110 52
98 290 6
317 75 90
228 220 65
223 345 41
155 107 35
270 376 91
283 96 83
23 244 65
35 317 40
37 189 91
113 113 9
176 289 9
268 105 8
196 131 60
266 171 104
285 294 98
212 46 47
214 39 90
251 21 40
303 282 56
367 178 10
146 16 88
334 343 1
294 135 90
34 386 31
224 22 38
170 90 18
81 13 57
11 143 23
90 23 87
266 228 40
229 159 2
95 72 40
135 360 80
85 74 81
332 395 51
174 383 27
265 347 80
154 44 12
38 235 25
297 289 16
15 290 27
161 264 31
37 161 78
251 41 97
334 358 101
71 379 20
47 358 92
246 62 63
82 176 35
177 246 44
162 22 78
233 29 44
386 366 57
151 265 77
363 50 43
287 288 50
235 105 95
354 236 2
266 229 14
59 84 57
370 252 91
63 111 49
226 369 9
47 334 72
25 101 33
94 242 11
314 281 73
271 195 13
370 19 91
138 367 11
279 240 23
61 340 64
181 116 99
378 86 28
245 72 77
223 230 78
236 227 54
303 225 34
224 270 23
227 248 43
398 116 26
365 167 39
246 151 81
344 82 14
59 123 60
145 258 49
236 150 86
325 355 25
337 96 40
94 252 36
267 123 29
251 68 25
182 216 69
371 335 68
72 66 14
16 259 67
297 273 96
122 349 70
21 85 48
306 338 67
217 239 53
267 201 67
40 2 60
96 358 73
369 366 13
361 324 68
381 8 80
367 248 12
82 3 97
347 61 60
165 323 47
252 314 26
308 179 47
270 361 73
251 152 83
223 70 98
250 334 30
127 378 52
177 363 85
251 144 10
2 186 19
388 346 22
193 299 55
321 59 31
262 132 81
206 125 55
111 277 73
386 334 100
133 189 29
242 223 81
130 225 71
373 339 25
53 3 29
279 110 13
32 379 73
183 372 42
314 221 31
133 187 38
401 246 59
395 399 60
88 51 90
375 70 89
279 84 32
169 318 49
140 249 29
6 169 75
131 228 19
381 158 63
232 43 36
50 123 51
391 387 36
93 133 75
213 28 35
320 298 98
99 382 77
326 184 84
79 185 100
165 314 72
155 395 89
61 156 95
338 158 18
31 10 18
278 258 1
224 17 101
119 53 20
343 193 24
362 114 20
165 304 31
105 25 38
64 296 16
72 315 70
339 21 43
235 306 85
68 192 45
97 83 74
96 267 33
276 303 97
344 148 50
277 66 22
200 313 78
342 112 9
238 26 99
273 342 80
356 242 72
134 4 1
22 276 75
316 122 6
126 339 43
43 45 54
168 91 10
140 203 26
299 263 8
172 283 81
4 262 67
202 107 90
167 394 27
30 341 97
184 146 27
81 358 54
32 157 59
77 394 73
350 82 103
33 24 71
43 146 101
228 344 95
311 323 88
221 231 90
234 216 79
120 33 86
43 379 22
44 347 48
26 265 77
61 90 71
212 43 99
310 274 25
397 306 33
218 165 97
92 246 33
272 389 8
86 9 93
362 158 101
203 341 27
154 97 54
399 207 74
90 299 6
78 10 64
182 332 95
32 342 86
93 193 25
209 282 85
61 395 61
219 304 11
319 122 61
323 80 21
5 338 17
342 30 35
275 258 21
112 369 103
177 81 94
390 37 16
265 27 18
213 213 82
354 284 24
315 105 71
300 354 51
338 3 46
299 235 38
274 233 98
379 202 106
358 127 34
376 178 85
129 44 70
154 149 83
162 65 93
245 168 60
126 226 22
247 320 8
356 13 90
375 51 7
301 2 42
127 41 102
341 147 73
266 193 78
341 341 77
246 55 31
149 157 26
289 212 64
230 19 36
80 103 7
314 166 27
289 363 50
11 350 88
399 293 27
12 312 85
262 46 60
103 275 63
226 277 34
370 304 41
369 331 99
24 116 72
327 178 64
257 159 63
138 322 80
254 77 21
117 66 8
373 60 30
172 119 103
5 154 74
358 215 46
80 192 87
39 276 20
17 32 20
258 177 11
214 399 97
105 326 56
6 160 50
379 28 26
205 371 12
79 390 80
131 320 22
328 106 8
329 308 46
277 241 97
97 156 11
132 392 99
82 228 47
218 4 59
261 32 20
369 226 13
211 365 52
322 280 100
206 270 11
293 215 57
209 5 55
101 31 90
34 147 92
41 99 21
380 12 85
394 214 15
247 148 83
301 241 53
93 256 12
72 92 69
74 133 73
101 227 63
66 182 62
326 189 94
286 78 70
27 173 29
164 62 78
37 280 91
390 203 101
254 340 37
222 51 86
293 306 43
114 265 82
276 67 29
62 353 96
265 392 26
287 384 27
48 116 54
263 64 55
124 192 55
217 61 95
244 251 67
279 237 16
38 122 82
163 135 29
83 42 23
293 311 75
75 271 83
147 375 50
140 169 63
350 26 44
233 53 1
380 236 38
178 313 30
335 120 37
337 342 87
117 345 89
223 401 92
64 239 40
116 258 94
378 360 56
121 371 77
219 243 47
195 105 78
271 144 7
391 344 99
381 116 11
218 153 23
376 236 16
362 78 40
353 367 82
54 369 63
251 99 95
31 309 71
257 365 11
206 301 83
257 226 46
357 81 39
290 24 68
286 91 5
205 391 97
281 14 32
52 244 12
18 338 74
6 207 87
139 243 55
10 101 11
332 108 12
151 104 49
77 341 103
195 242 50
149 206 43
189 390 57
29 96 89
183 108 72
177 301 102
285 159 100
222 309 42
30 183 50
50 13 38
378 284 83
158 126 34
259 62 22
313 242 43
378 184 31
377 391 76
311 292 24
38 23 29
169 193 71
308 354 14
325 182 44
301 213 61
131 135 79
297 303 30
374 22 92
2 207 18
135 224 23
322 92 90
275 95 74
182 200 37
253 249 6
302 355 9
88 53 91
339 231 30
249 80 38
192 284 40
335 225 2
240 51 91
298 400 79
195 192 74
336 38 98
137 189 97
271 247 64
28 242 99
263 382 100
401 122 63
55 205 94
281 49 38
350 253 27
189 55 60
363 217 26
397 126 60
259 229 6
70 39 26
104 358 88
316 274 73
246 107 10
148 213 25
142 204 27
318 368 98
298 334 46
90 382 54
99 272 100
337 133 74
298 56 91
62 241 32
196 143 95
342 89 93
119 138 41
107 301 55
177 125 75
355 193 73
122 324 67
65 297 20
200 111 76
156 70 74
252 240 41
365 210 65
232 16 73
355 64 95
28 136 36
175 158 92
338 38 39
370 241 84
350 240 41
199 297 44
76 206 26
103 200 105
87 296 76
222 257 19
95 64 96
312 64 79
235 388 31
166 283 61
178 350 43
22 322 60
250 363 57
181 25 78
87 91 30
182 157 72
290 353 64
207 39 95
168 116 26
304 49 32
165 114 25
367 243 66
250 6 92
363 3 30
390 351 76
168 336 19
161 74 23
143 321 55
33 82 96
296 180 33
251 363 84
289 109 34
113 91 88
25 203 5
90 218 85
93 184 37
397 251 62
138 243 81
263 195 77
57 106 90
161 385 72
396 383 90
366 294 81
100 19 35
323 128 33
65 269 98
295 306 86
22 7 95
275 159 44
211 173 24
155 297 14
221 197 49
374 60 91
256 183 75
320 180 13
146 64 84
155 165 3
25 151 78
59 146 28
219 259 24
89 328 86
25 304 34
198 65 45
201 179 51
213 262 98
26 333 46
399 362 85
195 348 72
196 25 37
107 214 45
311 115 16
201 53 83
11 269 66
137 268 92
8 152 80
43 69 28
297 178 92
172 258 24
194 264 89
5 91 62
377 158 92
258 89 50
202 48 50
160 275 67
101 142 76
220 132 61
208 178 89
3 35 35
265 239 42
218 361 91
37 251 53
243 160 48
401 91 59
19 400 73
370 192 106
350 282 65
256 121 44
42 78 86
8 236 35
63 239 23
197 242 32
117 331 51
152 315 94
202 213 7
339 326 49
283 259 47
184 6 74
158 54 81
386 28 52
181 336 48
330 26 36
192 98 75
201 70 67
286 313 56
257 287 70
399 298 42
119 92 89
199 336 24
217 43 59
401 199 61
352 115 12
256 395 76
175 27 64
314 187 90
14 356 56
347 339 83
398 396 57
368 392 67
249 354 20
383 216 11
111 166 29
124 23 37
64 368 92
95 357 8
248 175 70
289 40 49
113 113 48
182 311 98
13 339 18
28 326 23
233 305 44
294 250 51
45 143 26
349 229 28
8 133 28
32 69 25
282 66 53
261 289 75
201 346 57
317 256 97
323 3 91
187 385 12
35 227 10
56 41 16
218 324 33
196 394 21
383 400 14
24 349 54
228 40 3
114 362 4
339 84 55
258 144 95
270 341 8
126 34 47
228 257 41
374 222 41
313 132 58
249 159 94
342 377 82
95 96 81
305 93 17
198 33 91
39 276 55
124 275 78
244 329 95
319 172 37
344 69 72
239 386 92
215 281 51
102 394 89
122 42 88
333 23 30
376 265 55
134 219 53
70 64 75
139 401 13
245 248 10
2 16 73
293 169 37
129 18 89
357 287 12
372 92 35
319 111 72
197 172 74
389 388 48
263 265 59
326 24 90
234 350 43
373 370 101
206 101 8
156 36 38
346 251 87
331 361 1
328 378 19
2 299 100
43 80 16
299 162 45
264 385 59
83 326 69
279 214 42
326 306 64
190 367 76
392 61 17
11 234 83
161 11 47
84 36 93
68 134 9
99 261 88
15 166 39
17 135 10
241 379 9
116 229 27
86 88 11
261 326 49
387 237 74
327 26 36
294 242 12
399 356 86
289 98 3
58 132 52
190 84 28
391 59 59
130 367 93
261 250 21
279 399 74
345 54 45
172 29 99
131 264 52
51 117 30
152 170 8
140 323 58
358 213 11
80 400 91
28 213 81
151 106 31
274 349 8
203 236 31
396 8 16
255 19 89
59 124 22
400 161 59
39 90 93
281 361 5
388 274 85
23 325 2
209 392 89
391 290 95
11 166 19
232 311 99
323 75 35
80 323 15
362 96 51
360 227 32
254 320 73
142 170 91
342 161 78
253 127 30
204 137 50
217 94 36
305 218 84
125 169 51
77 360 50
351 31 91
53 300 77
103 76 43
350 257 33
313 173 91
3 247 70
118 43 101
58 225 49
286 132 67
372 148 84
377 400 49
130 237 22
148 172 67
320 139 53
268 349 57
7 168 21
334 245 6
156 223 57
151 199 16
203 289 45
220 30 73
92 256 56
139 194 45
76 356 18
22 72 1
332 296 72
29 76 15
349 346 82
49 125 74
265 73 28
303 281 101
57 246 24
397 347 65
110 361 27
159 196 27
266 43 54
173 94 50
103 178 53
137 24 28
311 346 46
145 116 61
295 373 59
114 379 24
119 316 29
13 266 74
246 283 42
326 161 80
148 107 67
295 50 70
293 239 43
30 89 49
315 5 3
99 126 81
240 133 82
280 246 53
372 175 40
60 189 26
350 203 102
98 338 37
372 73 13
264 329 7
177 77 37
373 77 71
155 247 81
163 310 88
241 45 85
336 78 25
399 170 51
73 178 50
189 311 27
218 19 54
181 344 65
253 226 85
266 74 85
56 50 12
49 21 38
319 350 38
296 112 56
401 129 78
255 327 55
387 82 96
86 209 100
44 377 95
168 54 50
58 50 39
64 147 61
307 184 37
54 228 93
113 310 28
222 44 26
238 143 97
331 38 73
270 83 29
75 278 61
233 276 72
257 352 15
245 60 45
5 214 75
15 63 4
202 194 53
201 222 87
289 120 44
220 221 91
123 263 65
28 71 90
45 155 1
206 341 98
76 326 78
268 118 30
62 303 4
283 11 50
305 308 27
191 124 20
92 273 2
161 105 91
51 144 71
308 65 95
94 296 37
366 43 38
344 226 14
62 201 43
213 41 27
309 188 77
324 220 21
190 301 80
151 211 20
197 106 16
282 154 78
137 311 100
324 361 51
99 108 68
240 292 10
72 344 2
225 28 26
239 244 92
372 226 70
317 347 72
315 119 60
362 159 37
343 174 15
80 27 21
56 53 7
319 78 27
166 117 23
280 136 68
381 87 17
138 366 30
266 326 34
239 368 59
108 267 71
229 241 61
262 336 91
303 108 40
65 114 70
327 92 67
380 381 24
274 278 25
355 247 85
144 384 85
108 37 24
207 81 4
245 24 23
207 287 38
322 72 6
247 35 94
154 333 38
327 161 79
325 124 66
382 29 75
62 200 71
400 20 50
182 11 23
16 107 69
322 14 37
318 152 16
86 191 89
276 141 35
153 21 97
233 295 56
134 215 4
293 276 90
203 148 7
13 61 76
336 393 44
122 349 93
183 77 85
80 63 59
368 198 62
397 233 26
245 359 42
185 158 34
106 112 39
81 95 90
302 240 32
350 203 86
36 369 36
373 201 12
83 100 73
36 398 68
197 127 52
36 299 44
67 271 60
119 44 34
232 135 12
237 373 77
37 184 74
307 20 58
364 103 9
205 158 19
189 330 26
294 75 5
394 199 45
63 370 19
183 196 27
310 30 78
299 145 28
20 171 38
257 61 28
230 242 91
64 323 82
272 310 63
95 336 10
57 168 3
13 52 31
389 20 9
213 128 100
198 49 4
246 270 79
244 66 76
223 316 32
163 9 71
240 126 98
227 125 27
187 31 14
340 294 43
255 97 7
249 282 100
289 182 48
400 358 47
285 314 12
247 275 86
63 373 10
274 125 17
357 288 62
155 58 34
399 392 69
24 173 97
4 232 53
140 215 66
56 151 30
8 185 51
320 122 27
212 318 59
95 374 3
286 211 54
220 302 89
365 338 73
75 386 93
322 133 10
375 16 42
205 98 78
264 44 26
397 134 23
85 14 98
311 325 18
281 114 44
304 246 62
91 143 19
142 299 80
152 129 93
189 395 69
330 224 52
384 175 13
182 359 91
63 132 89
314 247 46
134 88 49
30 224 37
311 309 59
247 332 42
263 84 72
343 169 102
198 110 46
174 146 51
25 237 42
242 270 46
74 26 76
373 127 71
111 41 46
258 383 12
83 217 39
114 376 28
185 400 21
191 250 69
23 381 105
310 306 62
365 272 64
265 332 59
105 32 55
217 324 45
170 175 6
114 81 20
219 102 36
396 387 83
224 13 14
69 210 66
299 353 60
156 283 6
140 234 47
354 266 34
132 100 9
107 380 87
153 187 66
11 135 44
303 228 101
370 83 40
150 281 12
344 396 85
400 14 80
179 53 10
144 294 14
229 154 51
47 71 10
367 128 40
339 390 66
5 242 46
104 42 66
256 35 6
192 281 20
401 141 6
307 283 80
385 137 95
387 5 77
360 157 52
275 160 30
266 183 92
337 306 75
324 228 26
104 16 54
326 215 58
396 9 73
328 146 70
302 49 102
220 382 51
247 131 82
50 305 49
327 87 81
315 323 61
54 97 7
394 128 63
123 319 7
29 5 55
338 232 72
385 72 12
260 262 49
229 356 98
228 276 57
362 102 25
386 339 10
225 384 62
298 205 65
112 241 70
52 249 56
128 287 100
398 146 8
142 79 56
260 99 77
372 181 77
31 3 89
290 363 77
226 285 71
87 300 14
37 156 39
184 383 78
211 302 92
220 90 93
150 135 79
290 330 67
57 310 11
152 31 27
188 165 69
326 2 69
316 169 39
191 190 50
400 328 10
77 256 5
9 277 97
210 208 93
112 339 38
239 6 26
72 56 61
289 398 84
57 357 52
7 360 16
18 177 68
120 388 39
130 282 15
165 38 88
380 108 95
398 319 4
90 391 46
134 26 101
169 342 66
159 277 51
168 227 26
197 259 57
39 228 97
400 316 52
382 398 79
251 159 77
178 218 22
359 313 46
311 264 59
213 386 82
144 228 41
228 37 50
127 186 28
317 286 74
261 65 28
367 285 59
365 88 59
200 312 53
223 346 61
51 55 67
115 172 4
219 146 81
151 26 57
284 81 9
390 166 54
387 366 44
106 99 98
43 296 80
202 218 89
91 334 92
365 116 58
352 148 104
106 49 16
296 32 103
46 260 46
108 365 46
127 2 41
126 106 49
115 341 66
169 180 48
43 237 30
250 98 3
32 180 27
176 283 22
142 316 23
369 169 33
201 138 18
340 242 98
211 354 72
89 139 49
355 77 69
308 94 7
392 268 22
130 294 14
63 275 15
9 311 28
89 27 12
269 299 90
180 42 77
120 236 46
314 5 69
299 275 86
265 296 47
368 253 11
73 311 84
342 322 78
364 68 19
41 16 46
242 124 40
67 289 4
302 358 102
300 84 38
2 76 85
6 130 38
348 89 7
91 191 55
111 86 54
278 100 97
20 223 85
330 262 92
195 89 28
197 107 71
109 353 63
360 342 45
19 277 55
309 293 46
205 155 50
232 102 35
96 42 69
265 286 80
248 148 70
36 273 71
287 366 5
30 57 39
104 128 9
75 43 59
229 222 98
113 360 47
364 63 87
201 400 53
398 99 97
398 313 85
196 235 23
223 254 12
257 102 88
192 149 105
368 147 84
271 261 22
251 105 83
223 231 19
13 225 70
204 374 64
8 62 67
133 67 87
217 317 77
323 335 17
375 181 45
285 231 65
385 96 90
335 158 57
63 84 92
84 388 70
48 317 9
248 70 21
251 373 21
376 363 45
244 373 77
281 323 65
251 373 63
211 351 17
264 66 4
275 102 34
220 39 60
308 341 7
372 256 65
197 387 55
354 283 54
65 111 26
14 399 47
16 24 83
18 142 99
228 361 3
348 48 34
107 126 37
344 34 78
8 280 45
243 370 83
152 28 50
304 358 29
84 15 99
160 18 34
208 198 27
209 246 82
21 327 25
142 291 39
264 299 80
381 374 101
204 212 26
332 329 20
56 397 99
108 47 72
212 236 34
126 57 38
337 374 102
314 190 75
177 312 8
242 286 91
344 376 51
328 369 92
38 14 61
6 351 50
54 7 16
211 175 27
200 71 71
44 175 31
113 41 78
218 67 18
134 299 66
140 48 65
189 98 11
28 285 16
159 129 39
235 8 70
165 176 80
47 340 66
326 162 44
247 147 11
218 83 80
271 341 28
19 43 20
235 100 49
397 111 74
47 361 39
275 171 31
336 5 90
298 245 42
191 378 18
194 122 75
318 220 49
81 31 73
317 215 76
154 150 29
384 78 57
239 60 19
252 341 95
175 148 75
303 345 67
375 344 65
370 185 75
377 263 85
203 160 9
350 158 89
169 69 66
133 268 73
88 128 52
55 387 91
79 342 52
374 16 26
254 319 91
109 90 75
12 122 83
106 135 39
32 310 77
236 376 5
221 295 19
247 332 6
265 243 38
374 259 71
251 15 57
186 200 36
185 277 25
107 395 65
266 252 80
128 99 87
213 315 85
372 349 101
384 92 52
307 268 44
154 352 34
35 263 46
114 95 85
365 146 6
289 305 98
315 291 24
244 326 19
61 243 51
89 69 83
148 283 97
251 11 34
214 282 58
152 229 59
382 162 65
313 329 68
22 56 82
194 357 40
351 21 19
163 131 85
384 10 74
19 208 58
245 384 82
189 222 48
281 381 92
1
1000000000
818823520
748372138
737619650
611315471
497234878
534957103
612809258
649415898
738571157
1000000000
818056361
760545369
754986819
676369079
611982295
776386542
904976893
942549713
1000000000
1000000000
807017571
641868072
530131725
480190463
397548850
514289955
534358112
674712498
702534837
1000000000
996334725
885126407
712812538
636686278
513724602
673024541
691176395
790986034
904725111
1000000000
971447631
775748996
673275530
497660206
351760895
419433333
592929357
650790677
692088716
1000000000
929178790
766857868
733581238
565421672
396075362
583675257
685910414
765276513
872050064
1000000000
873298390
726932054
628606272
472340475
316427109
420184842
488845477
507892992
652506639
1000000000
883039201
882334968
762029351
562750126
370233848
509647055
698943117
808163320
961689401
1000000000
948683038
817352706
763787187
666963759
600730142
602374181
697521266
752240424
894128014
1000000000
976740755
900633794
723710232
653183770
561632745
671190934
843867799
990324445
1000000000
1000000000
857305692
785821188
779348867
751552349
745838346
920507542
951724155
1000000000
1000000000
1000000000
898059313
886926054
820248307
744045946
711218231
748213090
898034320
1000000000
1000000000
1000000000
822135386
739032246
712743926
680623812
663284633
782346007
789964532
949772722
1000000000
1000000000
803316002
731623326
545186605
472085465
457594234
584535049
615643728
630457726
670382528
1000000000
871634088
689560426
531947901
397484532
214666127
387478683
438309076
456004987
518437878
1000000000
856057725
691849744
566934761
378751223
245255198
356813593
546605550
588490875
744789269
1000000000
862924924
734819910
613990397
587618133
537629789
635393686
733106743
747650677
938690992
1000000000
856529367
793551227
677020438
663178623
542255528
570161709
647682996
806450899
860700734
1000000000
844293136
704339668
591224191
589451269
487558805
659506860
858549406
951375337
1000000000
1000000000
909340675
775878678
643250301
476980180
453416569
559807864
605496001
651146269
848424699
1000000000
935163857
832132595
819058134
731831656
666675788
688966629
878749004
918980857
1000000000
1000000000
828542493
684205595
677503441
503550807
401988603
501430444
654359655
807455739
807930421
1000000000
915329973
849979434
679521633
569281856
461780022
604335511
711852550
750567272
929447330
1000000000
877639052
694150062
612048756
581426679
547976485
697650107
746956869
886181529
1000000000
1000000000
935460443
917296656
771434155
722427387
547028279
565860127
597519487
713417129
825510839
1000000000
988687667
807280496
735643794
728435600
617723453
652733468
819813630
984742001
1000000000
1000000000
896746607
878871099
716733833
627566081
581260176
653390008
756564235
824967804
956185732
1000000000
957860626
821841850
655194205
522014245
427593011
562950161
701572928
712525613
863078546
1000000000
808242103
748965458
732847995
607907055
417051594
541471916
622616303
740397657
892762824
1000000000
972117946
928800391
889745128
824957291
709989861
779787218
947667321
1000000000
1000000000
1000000000
809214618
674519604
522112221
401961098
218191508
352206252
403847847
565627757
662462915
1000000000
871029753
681223536
611577946
487570963
322871763
492090070
668805769
728838529
768078915
1000000000
843820419
741825498
617046112
600966504
547977214
714331762
775788939
956700837
1000000000
1000000000
906192325
728709365
651201438
516975055
403284081
494521916
635263069
721027436
801216468
1000000000
856642973
743649673
664615631
633984519
465476768
613480900
754544019
756623654
930381770
1000000000
849520188
673191359
653902771
576357617
387755802
532597535
588632015
595887365
706171826
1000000000
954734373
946078913
755167042
618239942
439456179
509609790
610692375
639112271
743913287
1000000000
934131854
844415526
729653868
572918157
497187226
613419207
707183682
901201756
1000000000
1000000000
820846386
748356716
620907187
429776898
369382119
421923654
469588193
525258303
655884137
1000000000
896509895
790296964
640383859
456167477
421783154
450884905
513927336
575420870
733797491
1
