10
100
0 1 940
1 2 174
0 3 614
0 4 97
0 5 838
0 6 335
3 7 286
6 8 413
2 9 542
2 10 238
3 11 301
5 12 2
0 13 435
9 14 336
5 15 604
10 16 340
16 17 677
16 18 265
1 19 39
7 20 108
12 21 888
12 22 453
3 23 531
4 24 183
16 25 67
23 26 521
21 27 326
5 28 494
22 29 550
26 30 836
27 31 39
27 32 416
15 33 973
25 34 853
3 35 611
33 36 822
19 37 961
11 38 61
27 39 505
19 40 58
3 41 395
16 42 99
5 43 128
20 44 919
27 45 766
21 46 740
31 47 718
38 48 929
26 49 419
16 50 628
47 51 892
33 52 738
32 53 483
53 54 407
29 55 310
21 56 467
1 57 350
34 58 121
29 59 97
49 60 562
53 61 912
15 62 371
9 63 941
51 64 704
14 65 867
40 66 889
31 67 566
5 68 353
17 69 813
69 70 723
68 71 249
50 72 589
8 73 169
69 74 337
13 75 591
41 76 22
7 77 842
30 78 151
75 79 66
13 80 912
72 81 601
3 82 335
40 83 866
71 84 435
20 85 299
60 86 356
30 87 437
80 88 682
76 89 524
80 90 813
38 91 959
84 92 273
50 93 334
69 94 426
74 95 937
62 96 915
2 97 690
2 98 219
74 99 121
100
0 1 131
1 2 645
0 3 485
0 4 598
3 5 811
0 6 749
4 7 228
6 8 801
2 9 235
9 10 497
0 11 964
2 12 814
0 13 408
3 14 523
14 15 238
10 16 705
9 17 710
10 18 601
18 19 979
3 20 50
5 21 756
21 22 612
11 23 123
0 24 799
17 25 534
18 26 652
21 27 437
19 28 40
2 29 50
22 30 226
24 31 861
22 32 37
10 33 326
31 34 724
28 35 901
11 36 815
0 37 682
35 38 660
20 39 791
20 40 115
32 41 281
32 42 413
24 43 479
17 44 607
21 45 626
15 46 159
45 47 814
35 48 240
26 49 87
46 50 728
33 51 114
49 52 59
4 53 334
48 54 576
14 55 552
53 56 406
53 57 86
57 58 445
45 59 452
22 60 90
26 61 244
56 62 829
3 63 836
21 64 27
30 65 319
22 66 212
8 67 23
60 68 994
66 69 65
54 70 726
40 71 946
18 72 816
7 73 10
0 74 572
66 75 909
2 76 887
20 77 933
13 78 382
62 79 564
77 80 994
35 81 488
41 82 921
24 83 692
44 84 392
46 85 998
37 86 513
14 87 213
32 88 567
74 89 289
7 90 76
40 91 303
17 92 961
18 93 641
93 94 528
33 95 95
53 96 271
79 97 705
4 98 534
48 99 648
100
0 1 752
0 2 530
0 3 961
1 4 853
4 5 739
4 6 986
6 7 694
4 8 591
0 9 622
9 10 341
5 11 256
3 12 990
3 13 591
12 14 736
5 15 736
6 16 808
15 17 772
13 18 628
5 19 70
12 20 321
1 21 956
5 22 255
6 23 96
9 24 269
11 25 103
25 26 672
21 27 531
26 28 341
26 29 151
25 30 554
19 31 276
6 32 284
4 33 262
21 34 122
6 35 1
13 36 20
22 37 84
2 38 659
33 39 395
10 40 773
23 41 7
37 42 233
2 43 306
22 44 723
2 45 186
38 46 528
25 47 456
4 48 546
20 49 604
0 50 469
15 51 83
10 52 501
47 53 632
0 54 724
46 55 466
36 56 111
4 57 813
17 58 871
11 59 4
5 60 32
37 61 178
7 62 485
15 63 467
3 64 409
15 65 31
63 66 391
3 67 957
32 68 802
19 69 54
26 70 358
3 71 60
69 72 132
61 73 868
53 74 176
47 75 486
44 76 161
45 77 315
5 78 405
12 79 12
22 80 379
70 81 977
8 82 453
3 83 362
22 84 807
5 85 547
59 86 773
39 87 883
16 88 904
61 89 88
13 90 198
22 91 885
14 92 161
34 93 485
44 94 957
7 95 628
30 96 777
20 97 728
34 98 863
77 99 994
100
0 1 733
0 2 627
2 3 485
0 4 143
0 5 851
3 6 581
5 7 901
3 8 879
0 9 299
1 10 283
9 11 202
7 12 987
4 13 890
9 14 877
6 15 588
14 16 116
12 17 410
6 18 73
12 19 894
16 20 191
5 21 492
6 22 268
4 23 298
19 24 454
19 25 157
6 26 739
23 27 969
12 28 319
18 29 849
23 30 217
10 31 427
26 32 882
4 33 406
14 34 647
16 35 742
30 36 835
6 37 729
37 38 720
15 39 337
5 40 741
3 41 947
8 42 966
1 43 941
19 44 728
35 45 965
44 46 995
22 47 143
29 48 70
3 49 563
18 50 588
4 51 301
9 52 200
30 53 432
6 54 293
20 55 46
20 56 147
8 57 44
20 58 738
25 59 900
14 60 803
10 61 858
31 62 629
35 63 947
16 64 886
47 65 82
15 66 786
58 67 24
32 68 253
15 69 91
24 70 868
11 71 981
35 72 745
43 73 275
10 74 632
37 75 42
5 76 773
39 77 757
62 78 429
18 79 477
0 80 520
7 81 981
70 82 333
27 83 220
15 84 44
47 85 215
69 86 406
28 87 639
54 88 828
35 89 285
54 90 640
39 91 492
30 92 313
78 93 68
19 94 960
82 95 887
61 96 119
84 97 368
10 98 479
58 99 918
100
0 1 260
1 2 150
1 3 524
0 4 572
4 5 318
0 6 809
1 7 64
1 8 281
8 9 441
9 10 440
7 11 240
2 12 413
3 13 883
2 14 196
4 15 241
6 16 832
16 17 876
17 18 10
17 19 452
0 20 469
9 21 42
19 22 100
5 23 850
2 24 32
9 25 627
22 26 461
1 27 859
13 28 373
16 29 896
3 30 455
11 31 478
4 32 700
23 33 113
6 34 463
17 35 981
4 36 490
30 37 514
0 38 610
17 39 897
34 40 25
17 41 991
18 42 463
40 43 48
28 44 90
44 45 803
36 46 430
45 47 702
0 48 237
2 49 728
2 50 644
18 51 167
33 52 88
44 53 360
7 54 967
41 55 94
32 56 620
27 57 379
30 58 892
27 59 155
20 60 650
57 61 677
7 62 599
61 63 512
24 64 845
59 65 202
34 66 849
32 67 9
5 68 259
3 69 315
2 70 264
44 71 837
66 72 42
67 73 848
68 74 545
3 75 441
20 76 739
49 77 923
27 78 306
39 79 934
23 80 213
7 81 462
15 82 433
80 83 161
8 84 774
29 85 484
1 86 972
5 87 191
7 88 448
63 89 842
24 90 407
72 91 568
52 92 490
8 93 560
63 94 919
50 95 272
61 96 29
77 97 64
47 98 550
65 99 575
100
0 1 33
0 2 77
1 3 652
3 4 637
2 5 847
4 6 402
6 7 538
6 8 293
7 9 207
0 10 621
3 11 641
3 12 508
0 13 879
12 14 474
13 15 576
12 16 271
12 17 728
1 18 938
9 19 294
1 20 753
15 21 483
1 22 573
12 23 560
16 24 493
0 25 431
15 26 938
20 27 850
22 28 819
6 29 821
28 30 679
29 31 881
14 32 603
24 33 413
17 34 435
21 35 737
10 36 609
13 37 704
17 38 487
28 39 516
15 40 745
26 41 494
35 42 391
42 43 109
40 44 154
12 45 562
3 46 950
28 47 619
20 48 886
48 49 907
19 50 100
38 51 270
42 52 739
27 53 746
20 54 129
9 55 122
42 56 853
40 57 318
34 58 701
38 59 753
11 60 613
27 61 494
28 62 632
49 63 261
63 64 185
5 65 94
8 66 796
8 67 549
51 68 710
41 69 776
21 70 266
17 71 684
27 72 499
12 73 147
37 74 168
50 75 719
64 76 427
12 77 594
65 78 363
60 79 955
42 80 7
75 81 360
13 82 17
42 83 592
14 84 251
38 85 875
80 86 316
7 87 312
20 88 859
45 89 826
17 90 300
53 91 549
44 92 601
52 93 124
27 94 486
80 95 380
74 96 115
15 97 111
32 98 486
74 99 225
100
0 1 110
0 2 812
2 3 864
3 4 982
3 5 343
0 6 78
2 7 633
4 8 506
3 9 501
2 10 881
0 11 322
3 12 807
12 13 601
6 14 224
7 15 295
13 16 959
11 17 5
11 18 157
16 19 388
13 20 991
18 21 707
3 22 970
0 23 175
1 24 515
21 25 942
5 26 45
19 27 722
3 28 849
6 29 84
21 30 660
21 31 696
17 32 933
25 33 114
30 34 73
20 35 156
2 36 94
28 37 987
11 38 765
14 39 209
1 40 81
8 41 240
38 42 589
27 43 936
3 44 475
11 45 987
29 46 381
16 47 442
34 48 755
2 49 240
40 50 911
29 51 572
15 52 54
0 53 58
17 54 208
11 55 588
45 56 35
8 57 80
20 58 683
11 59 739
5 60 882
6 61 902
9 62 843
16 63 329
36 64 630
63 65 15
33 66 649
43 67 942
40 68 123
38 69 512
39 70 111
7 71 62
6 72 361
54 73 296
46 74 224
35 75 35
16 76 73
50 77 600
76 78 978
44 79 199
2 80 604
13 81 482
11 82 82
15 83 383
46 84 362
56 85 575
32 86 442
68 87 479
70 88 580
27 89 594
54 90 697
81 91 760
43 92 42
8 93 391
46 94 692
88 95 831
44 96 227
19 97 302
34 98 772
35 99 466
100
0 1 6
0 2 342
2 3 384
1 4 320
3 5 49
0 6 21
6 7 552
5 8 977
2 9 550
1 10 23
3 11 878
10 12 323
11 13 839
4 14 143
13 15 734
4 16 704
16 17 813
6 18 400
10 19 713
19 20 70
2 21 747
13 22 278
16 23 680
14 24 901
5 25 536
21 26 647
4 27 71
21 28 714
2 29 302
11 30 301
4 31 184
0 32 923
21 33 706
29 34 881
21 35 271
34 36 782
3 37 626
7 38 692
28 39 480
8 40 893
26 41 480
22 42 865
28 43 39
3 44 275
35 45 950
39 46 463
9 47 388
43 48 468
13 49 45
8 50 576
17 51 780
18 52 195
39 53 161
1 54 416
44 55 188
31 56 626
24 57 587
17 58 448
6 59 69
46 60 612
22 61 741
11 62 992
48 63 401
47 64 806
14 65 14
47 66 469
49 67 228
43 68 363
44 69 157
15 70 295
3 71 376
54 72 319
18 73 533
9 74 420
69 75 642
14 76 729
57 77 754
7 78 778
54 79 274
60 80 214
21 81 439
79 82 52
79 83 638
13 84 994
49 85 82
48 86 459
51 87 945
33 88 990
15 89 952
26 90 546
52 91 343
78 92 388
33 93 642
82 94 576
32 95 868
51 96 733
73 97 45
33 98 861
2 99 703
100
0 1 647
0 2 761
0 3 891
1 4 679
1 5 368
0 6 362
0 7 82
6 8 946
4 9 891
1 10 938
7 11 200
9 12 176
6 13 185
6 14 260
4 15 101
7 16 533
11 17 58
14 18 632
18 19 285
2 20 988
16 21 624
19 22 642
21 23 329
4 24 197
12 25 522
13 26 93
6 27 926
20 28 540
11 29 390
19 30 29
13 31 178
13 32 623
24 33 964
13 34 769
19 35 205
18 36 510
6 37 505
21 38 429
1 39 998
26 40 942
15 41 100
27 42 216
6 43 360
12 44 129
36 45 538
29 46 692
29 47 272
25 48 121
3 49 793
45 50 64
12 51 371
34 52 717
1 53 989
30 54 837
47 55 800
22 56 161
23 57 234
10 58 417
18 59 485
37 60 324
29 61 18
33 62 553
61 63 150
7 64 986
53 65 67
64 66 260
60 67 271
43 68 357
34 69 557
63 70 854
18 71 137
70 72 871
62 73 74
4 74 539
21 75 418
12 76 67
4 77 819
23 78 891
1 79 380
64 80 770
3 81 577
48 82 384
15 83 514
55 84 273
19 85 597
69 86 381
36 87 369
23 88 17
27 89 17
83 90 594
11 91 738
22 92 973
13 93 329
58 94 399
48 95 126
2 96 605
81 97 526
85 98 54
7 99 5
100
0 1 4
1 2 785
0 3 537
0 4 669
2 5 612
2 6 654
2 7 317
5 8 302
2 9 289
7 10 747
10 11 96
0 12 279
4 13 259
6 14 136
12 15 204
2 16 207
7 17 830
12 18 750
0 19 840
12 20 574
15 21 431
21 22 512
12 23 495
20 24 945
12 25 843
5 26 146
22 27 12
21 28 760
5 29 842
4 30 918
21 31 750
17 32 890
27 33 223
4 34 541
14 35 950
17 36 598
0 37 668
15 38 115
27 39 998
24 40 231
21 41 889
26 42 994
0 43 44
15 44 297
8 45 740
26 46 594
42 47 82
35 48 437
34 49 791
9 50 82
14 51 925
17 52 434
24 53 508
6 54 711
24 55 859
45 56 254
3 57 429
1 58 915
23 59 131
14 60 539
53 61 403
60 62 882
34 63 795
15 64 362
21 65 738
32 66 183
27 67 956
31 68 721
64 69 928
60 70 990
18 71 621
6 72 31
24 73 864
30 74 683
13 75 87
38 76 668
66 77 790
47 78 190
14 79 27
62 80 552
16 81 156
81 82 844
39 83 830
30 84 232
79 85 140
20 86 650
64 87 554
20 88 718
5 89 570
27 90 949
74 91 447
74 92 699
64 93 417
90 94 834
24 95 87
24 96 973
70 97 967
92 98 460
96 99 776
10
9 34 1 26
1 90 5 49
4 4 1 98
8 13 8 97
0 98 4 39
7 64 9 21
8 64 7 60
7 97 5 47
6 63 7 37
7 30 3 81
