10
100
0 1 539
1 2 485
1 3 867
1 4 175
1 5 27
2 6 173
2 7 381
7 8 481
1 9 660
6 10 681
7 11 496
6 12 83
11 13 924
2 14 165
9 15 372
10 16 170
9 17 148
14 18 579
2 19 626
13 20 430
13 21 47
6 22 231
10 23 223
16 24 94
1 25 230
23 26 148
18 27 430
14 28 90
3 29 971
2 30 401
30 31 320
15 32 893
19 33 955
30 34 872
21 35 43
26 36 434
2 37 973
35 38 271
21 39 559
34 40 998
29 41 716
20 42 843
17 43 509
6 44 570
27 45 722
39 46 152
10 47 139
4 48 968
45 49 667
11 50 441
18 51 353
1 52 488
49 53 235
34 54 540
54 55 244
16 56 859
31 57 46
23 58 856
34 59 621
22 60 270
11 61 942
50 62 141
62 63 136
25 64 189
23 65 405
44 66 621
23 67 931
30 68 607
3 69 613
49 70 563
18 71 585
39 72 969
70 73 606
73 74 68
0 75 15
26 76 185
65 77 445
43 78 531
33 79 566
15 80 916
73 81 401
54 82 882
9 83 609
36 84 60
11 85 188
32 86 766
34 87 101
43 88 11
76 89 364
86 90 5
90 91 8
37 92 746
6 93 204
47 94 328
67 95 196
18 96 561
59 97 238
3 98 769
30 99 964
100
0 1 244
0 2 456
1 3 892
0 4 506
0 5 918
3 6 644
4 7 623
4 8 245
5 9 649
1 10 905
8 11 951
8 12 2
7 13 846
4 14 598
0 15 231
13 16 134
6 17 656
10 18 729
5 19 234
16 20 519
3 21 307
18 22 94
22 23 325
3 24 991
18 25 214
16 26 892
21 27 26
13 28 849
17 29 407
0 30 561
18 31 984
27 32 660
31 33 88
5 34 238
7 35 449
25 36 249
33 37 475
22 38 524
8 39 956
38 40 728
20 41 370
39 42 855
31 43 949
37 44 975
6 45 488
41 46 195
0 47 491
16 48 347
19 49 671
46 50 721
28 51 92
47 52 265
17 53 426
25 54 390
12 55 927
0 56 242
53 57 424
5 58 234
38 59 160
58 60 467
0 61 599
61 62 724
11 63 834
57 64 565
18 65 474
14 66 609
53 67 346
60 68 414
36 69 640
69 70 404
36 71 371
70 72 611
0 73 405
2 74 747
23 75 772
26 76 850
54 77 48
59 78 863
4 79 373
77 80 491
69 81 120
48 82 525
63 83 277
36 84 390
14 85 598
24 86 320
62 87 14
48 88 308
18 89 777
39 90 669
11 91 262
7 92 836
3 93 75
48 94 746
49 95 53
78 96 157
71 97 2
44 98 553
90 99 156
100
0 1 636
1 2 801
0 3 22
2 4 686
3 5 282
5 6 381
3 7 865
1 8 715
2 9 242
3 10 928
4 11 79
5 12 248
10 13 790
0 14 90
6 15 107
11 16 275
13 17 370
15 18 466
9 19 655
6 20 205
10 21 371
10 22 924
9 23 495
19 24 800
24 25 780
2 26 947
23 27 272
17 28 353
25 29 232
16 30 36
10 31 510
27 32 633
32 33 719
28 34 226
21 35 563
0 36 91
36 37 609
8 38 512
31 39 195
18 40 625
31 41 950
18 42 262
19 43 130
36 44 218
23 45 419
25 46 949
1 47 857
36 48 885
27 49 26
40 50 269
3 51 109
40 52 102
17 53 249
28 54 466
11 55 554
17 56 391
30 57 303
51 58 549
28 59 862
9 60 164
24 61 442
20 62 766
56 63 223
60 64 499
14 65 697
1 66 795
62 67 52
45 68 348
54 69 757
26 70 612
29 71 80
34 72 222
7 73 751
43 74 769
71 75 750
50 76 810
53 77 987
76 78 49
41 79 75
50 80 435
13 81 830
2 82 933
56 83 245
74 84 622
80 85 309
34 86 319
67 87 318
22 88 89
5 89 455
62 90 564
46 91 918
8 92 412
89 93 163
31 94 95
80 95 792
76 96 759
51 97 714
67 98 430
43 99 748
100
0 1 363
1 2 154
2 3 951
1 4 906
0 5 426
5 6 130
6 7 340
2 8 81
3 9 923
2 10 400
5 11 433
6 12 210
1 13 566
5 14 728
6 15 206
11 16 697
6 17 732
7 18 730
4 19 808
10 20 780
17 21 209
13 22 771
22 23 366
6 24 718
4 25 447
17 26 190
8 27 90
11 28 361
19 29 965
22 30 329
6 31 226
27 32 165
19 33 886
29 34 114
26 35 894
15 36 781
25 37 816
22 38 388
12 39 838
7 40 382
12 41 845
9 42 545
29 43 13
18 44 7
31 45 691
42 46 976
23 47 948
10 48 925
28 49 532
34 50 112
11 51 389
49 52 666
46 53 404
2 54 520
6 55 790
54 56 883
23 57 518
15 58 280
46 59 895
59 60 328
29 61 381
6 62 148
53 63 135
6 64 696
32 65 203
44 66 56
54 67 525
67 68 767
15 69 195
49 70 508
0 71 140
0 72 298
14 73 319
16 74 517
39 75 315
64 76 351
50 77 571
65 78 471
52 79 155
72 80 85
63 81 16
15 82 530
1 83 35
18 84 948
9 85 353
76 86 608
57 87 101
71 88 407
0 89 42
6 90 135
21 91 44
71 92 111
14 93 386
30 94 691
77 95 631
78 96 733
24 97 190
4 98 820
5 99 750
100
0 1 857
1 2 587
1 3 432
1 4 504
3 5 956
1 6 307
2 7 81
4 8 617
5 9 939
9 10 878
10 11 914
1 12 755
1 13 264
3 14 873
4 15 536
13 16 593
7 17 808
15 18 901
8 19 633
17 20 232
3 21 174
0 22 637
13 23 769
10 24 700
19 25 454
15 26 8
19 27 862
24 28 547
17 29 255
18 30 279
30 31 142
23 32 441
10 33 772
22 34 171
30 35 24
13 36 231
2 37 545
18 38 935
9 39 384
37 40 109
34 41 622
36 42 916
23 43 400
28 44 117
16 45 594
41 46 132
2 47 798
37 48 663
21 49 965
42 50 139
11 51 510
2 52 96
51 53 282
45 54 561
47 55 682
19 56 910
39 57 419
14 58 528
23 59 10
15 60 573
22 61 251
22 62 164
28 63 115
19 64 822
3 65 50
53 66 969
13 67 32
12 68 939
39 69 5
32 70 209
55 71 970
29 72 880
13 73 641
42 74 681
3 75 656
39 76 58
50 77 763
59 78 914
37 79 609
12 80 341
50 81 77
57 82 64
14 83 469
53 84 389
11 85 169
31 86 666
28 87 470
12 88 107
18 89 843
63 90 267
32 91 344
86 92 965
78 93 102
9 94 271
35 95 650
74 96 285
6 97 9
81 98 469
57 99 295
100
0 1 751
1 2 852
0 3 255
2 4 81
4 5 447
2 6 121
4 7 729
1 8 664
5 9 454
5 10 198
8 11 432
7 12 642
12 13 705
12 14 185
8 15 445
9 16 621
4 17 257
16 18 45
9 19 773
17 20 67
0 21 373
2 22 125
10 23 177
2 24 779
12 25 438
5 26 55
0 27 816
3 28 219
3 29 963
9 30 456
13 31 204
9 32 309
9 33 457
8 34 555
29 35 333
7 36 250
35 37 721
7 38 219
24 39 522
3 40 642
1 41 275
26 42 137
17 43 968
9 44 593
14 45 103
24 46 315
42 47 472
2 48 141
12 49 262
44 50 971
19 51 301
26 52 368
45 53 696
28 54 923
42 55 575
51 56 282
33 57 258
43 58 869
49 59 580
23 60 106
59 61 994
48 62 236
47 63 173
17 64 765
7 65 56
47 66 240
57 67 776
48 68 824
64 69 878
35 70 228
36 71 137
15 72 199
5 73 229
46 74 751
22 75 822
1 76 841
39 77 919
55 78 502
13 79 470
15 80 927
22 81 78
65 82 347
70 83 86
57 84 318
25 85 845
22 86 818
36 87 523
22 88 735
10 89 672
58 90 785
20 91 514
68 92 358
38 93 200
3 94 311
91 95 986
84 96 832
32 97 68
40 98 940
75 99 866
100
0 1 889
0 2 804
2 3 991
0 4 980
2 5 176
5 6 945
6 7 339
5 8 618
4 9 341
2 10 20
10 11 215
3 12 610
0 13 327
12 14 757
5 15 779
1 16 161
6 17 849
16 18 492
5 19 480
13 20 26
8 21 721
19 22 209
1 23 50
5 24 573
17 25 275
17 26 631
21 27 418
2 28 741
0 29 467
10 30 581
7 31 262
8 32 596
12 33 267
11 34 720
13 35 829
30 36 324
2 37 564
15 38 137
2 39 511
14 40 975
35 41 210
30 42 848
24 43 984
33 44 213
29 45 90
32 46 241
12 47 429
14 48 212
21 49 447
22 50 832
37 51 374
44 52 53
25 53 275
10 54 892
4 55 525
19 56 398
18 57 251
35 58 422
27 59 360
11 60 276
53 61 446
44 62 160
18 63 270
42 64 371
31 65 727
14 66 739
2 67 96
19 68 400
67 69 441
11 70 117
66 71 630
4 72 203
0 73 359
60 74 465
48 75 402
11 76 630
70 77 130
24 78 229
41 79 249
7 80 487
56 81 240
12 82 491
43 83 644
13 84 927
57 85 880
39 86 841
29 87 149
43 88 733
30 89 533
10 90 196
7 91 882
44 92 144
3 93 475
3 94 232
25 95 9
1 96 696
30 97 752
13 98 767
47 99 445
100
0 1 562
1 2 165
1 3 432
2 4 549
3 5 680
5 6 408
2 7 965
2 8 334
6 9 60
4 10 470
2 11 955
0 12 22
9 13 598
1 14 934
3 15 306
2 16 240
15 17 117
10 18 964
3 19 587
12 20 264
0 21 659
8 22 561
22 23 156
1 24 580
16 25 847
6 26 409
26 27 430
16 28 349
11 29 518
24 30 527
17 31 826
21 32 809
31 33 783
32 34 843
31 35 951
20 36 588
36 37 866
7 38 930
33 39 61
7 40 440
2 41 267
0 42 771
15 43 746
35 44 259
41 45 284
22 46 170
9 47 196
28 48 487
44 49 79
13 50 448
45 51 103
24 52 812
34 53 147
41 54 355
32 55 351
13 56 29
35 57 870
0 58 929
44 59 415
42 60 180
4 61 901
1 62 502
36 63 602
0 64 960
45 65 519
8 66 421
55 67 301
35 68 943
6 69 229
51 70 93
23 71 448
4 72 465
3 73 982
44 74 541
54 75 731
62 76 62
54 77 684
60 78 282
6 79 839
49 80 23
9 81 951
3 82 984
26 83 602
0 84 302
13 85 892
27 86 181
46 87 772
16 88 656
40 89 792
57 90 939
83 91 8
21 92 323
66 93 200
31 94 232
51 95 38
73 96 329
86 97 111
90 98 172
62 99 483
100
0 1 519
0 2 668
1 3 529
3 4 29
3 5 469
3 6 919
3 7 259
0 8 684
6 9 694
6 10 111
0 11 467
2 12 26
3 13 851
1 14 807
10 15 926
5 16 916
0 17 467
9 18 31
16 19 786
18 20 892
12 21 430
6 22 747
11 23 662
13 24 180
8 25 661
13 26 364
18 27 38
7 28 239
23 29 677
25 30 564
12 31 555
29 32 596
24 33 970
14 34 206
17 35 328
18 36 901
28 37 430
3 38 464
11 39 504
12 40 649
23 41 11
39 42 536
37 43 541
36 44 8
1 45 308
4 46 3
35 47 346
42 48 172
39 49 175
32 50 832
46 51 708
42 52 997
30 53 650
45 54 388
39 55 637
10 56 781
5 57 202
12 58 692
15 59 109
40 60 549
40 61 150
15 62 194
30 63 648
62 64 268
0 65 118
19 66 437
55 67 201
64 68 391
9 69 435
17 70 355
21 71 624
7 72 625
41 73 415
0 74 631
17 75 80
38 76 114
50 77 40
59 78 932
35 79 454
66 80 505
32 81 940
17 82 776
13 83 660
6 84 476
26 85 804
74 86 27
48 87 867
7 88 457
74 89 141
78 90 540
90 91 948
66 92 813
16 93 742
30 94 139
50 95 417
34 96 485
1 97 987
46 98 306
37 99 378
100
0 1 487
1 2 275
1 3 946
2 4 566
3 5 308
1 6 881
4 7 635
3 8 130
5 9 109
9 10 763
5 11 654
10 12 599
11 13 245
13 14 156
12 15 691
10 16 1000
9 17 175
0 18 624
13 19 445
17 20 978
3 21 86
7 22 19
13 23 32
5 24 880
4 25 10
12 26 703
25 27 228
4 28 422
24 29 543
3 30 551
28 31 742
25 32 284
23 33 108
1 34 861
20 35 954
14 36 48
4 37 443
36 38 724
23 39 306
25 40 645
23 41 766
38 42 72
5 43 176
4 44 780
23 45 382
39 46 150
9 47 722
36 48 109
20 49 878
24 50 859
7 51 763
19 52 923
44 53 940
7 54 41
53 55 800
29 56 96
33 57 932
56 58 164
54 59 139
50 60 879
9 61 323
8 62 186
9 63 729
17 64 434
10 65 390
24 66 391
63 67 106
24 68 408
24 69 987
31 70 538
27 71 848
63 72 16
51 73 694
51 74 101
73 75 233
4 76 72
71 77 641
60 78 785
20 79 278
33 80 383
35 81 405
22 82 814
80 83 925
45 84 625
60 85 21
6 86 58
10 87 452
58 88 317
33 89 383
23 90 123
25 91 718
90 92 394
47 93 892
75 94 763
90 95 609
23 96 198
94 97 311
81 98 512
76 99 13
10
7 92 3 2
3 46 1 96
4 65 5 0
2 29 6 41
4 52 6 33
8 91 5 10
3 53 9 34
9 79 2 24
1 0 3 7
3 50 4 4
