100 99 90
83 2
22 90
49 85
86 84
41 18
10 92
61 29
65 52
77 49
29 27
31 2
13 40
90 63
7 75
72 82
31 43
40 55
53 97
49 9
3 91
68 77
5 14
50 76
80 89
31 85
60 75
32 94
41 41
27 66
49 22
6 93
93 62
67 88
43 39
35 8
39 43
34 24
63 60
44 48
21 82
48 87
29 80
83 93
96 71
46 29
62 62
97 33
64 4
77 85
20 54
79 52
0 31
54 11
39 46
57 44
64 75
10 32
4 21
37 77
60 85
87 13
33 70
43 57
75 8
52 3
42 29
85 88
96 35
40 27
57 64
52 32
29 0
67 66
18 22
76 57
43 4
86 41
94 90
95 5
27 99
86 41
43 9
38 13
74 91
53 27
25 70
41 96
13 9
54 72
89 24
50 74
12 2
32 37
69 95
22 14
82 15
83 67
86 0
45 57
17
76
58
9
20
31
59
51
80
42
37
14
88
66
25
56
62
21
3
79
50
82
7
1
23
75
90
33
46
38
83
68
53
4
54
96
52
36
91
26
81
40
43
11
18
48
65
97
34
6
13
35
44
64
78
41
57
19
16
55
29
70
5
39
45
15
2
98
32
94
92
86
63
8
67
77
71
74
85
47
28
10
61
87
0
60
30
95
69
12
