100 97 90
34 73
86 26
31 76
26 48
69 92
90 81
49 71
18 63
74 51
16 96
59 12
98 45
91 18
67 45
66 37
30 8
87 0
30 37
12 78
65 97
43 44
77 78
25 40
9 8
22 96
53 55
11 1
70 51
40 28
43 10
10 69
71 2
25 50
36 80
67 89
82 99
0 52
66 55
0 50
51 42
48 20
20 14
45 98
12 29
43 30
41 39
64 9
2 20
18 1
41 40
40 88
29 29
18 20
61 56
1 44
7 40
4 62
38 34
73 23
25 95
49 60
9 97
44 81
15 86
2 29
60 91
0 7
39 83
15 64
14 2
72 35
81 74
7 51
34 37
60 60
79 73
13 67
4 47
2 89
30 92
99 36
97 71
78 51
58 9
74 17
86 8
69 77
69 81
51 25
44 37
53 82
60 76
83 97
16 81
34 26
84 19
95 40
13
87
64
46
86
15
56
40
66
8
23
53
33
58
59
6
68
50
73
22
9
63
65
93
57
1
3
92
17
2
5
55
72
82
14
85
43
36
77
26
35
54
74
52
88
7
39
28
31
44
19
70
18
0
41
91
20
38
69
49
32
76
96
29
30
10
42
16
90
75
67
34
61
45
95
89
81
25
51
24
48
12
83
4
84
79
78
37
60
11
