500 500
0 1 2 3 2 2 1 2 3 3 9 4 3 3 6 10 0 5 5 17 1 12 1 8 20 24 3 24 23 7 14 21 7 10 16 14 26 24 17 18 5 6 37 4 39 11 23 36 10 26 14 14 23 27 10 28 10 35 32 25 30 1 8 48 39 4 37 7 9 49 3 14 60 65 18 50 68 48 56 8 55 78 62 23 51 50 6 45 47 49 0 46 83 81 78 0 2 32 62 75 67 36 40 78 66 66 16 76 90 63 16 63 33 99 87 53 80 110 107 44 109 78 78 32 25 33 6 87 2 76 27 51 61 33 14 25 82 81 1 91 40 46 125 23 89 47 121 30 81 69 46 72 101 103 146 100 45 66 7 58 27 130 74 78 86 25 41 147 71 115 95 146 135 1 107 172 152 20 103 169 161 54 36 12 135 144 34 29 6 101 154 15 188 16 92 68 191 109 78 10 56 87 152 97 162 134 39 7 163 71 97 112 147 118 160 178 186 203 111 187 117 55 58 81 99 27 51 203 32 177 202 71 175 156 234 9 57 211 110 211 153 222 20 178 43 176 243 68 75 10 243 79 221 197 74 212 233 37 133 47 5 153 185 176 161 175 70 205 204 267 138 35 155 114 136 24 77 107 184 126 230 255 178 63 131 167 207 198 209 225 126 86 182 230 207 88 61 106 248 170 125 14 99 18 98 102 157 85 298 308 101 139 143 220 230 249 180 69 193 173 74 308 104 129 144 101 34 307 305 197 110 324 11 186 236 283 276 2 170 291 278 296 7 26 325 276 333 231 332 80 149 34 247 209 97 66 33 311 328 89 233 254 135 247 268 212 31 356 130 16 205 192 90 206 107 101 72 178 228 361 39 35 135 328 36 313 312 103 234 84 263 269 51 361 192 360 51 315 60 98 256 248 43 238 398 80 391 107 250 186 232 163 11 23 163 277 212 103 27 81 160 350 246 195 294 356 134 77 68 288 261 20 132 83 396 360 15 124 39 416 110 112 210 232 118 200 131 85 360 231 83 162 420 277 172 424 319 99 348 68 109 191 141 373 386 383 115 291 429 73 175 92 201 54 78 431 20 270 138 137 282 334 160 187 162 291 473 217 90 151 45 350 263 291 259 259 371 273 0
997 516 623 825 139 66 870 489 67 482 529 657 18 192 421 821 692 903 80 386 486 788 133 499 226 621 750 178 994 989 910 592 89 819 811 572 125 32 798 723 829 313 460 571 268 418 977 620 895 58 958 908 13 15 992 571 624 406 194 829 594 608 3 713 317 186 22 844 596 71 440 44 197 971 197 449 405 106 78 132 418 354 290 700 232 259 877 397 686 664 25 852 673 797 569 248 118 317 519 468 827 470 773 491 110 165 584 693 511 400 678 285 679 731 4 787 469 222 332 12 168 888 17 316 829 225 591 819 961 984 420 256 90 215 606 137 484 3 690 775 952 687 850 94 89 606 356 519 3 922 49 944 407 179 182 555 929 544 685 447 974 791 928 694 791 921 608 632 833 484 67 300 995 184 349 742 184 121 127 240 785 689 2 124 456 966 470 823 929 9 227 1 452 529 454 439 270 436 414 631 629 99 106 750 180 220 499 628 327 574 706 332 138 681 515 517 185 61 963 192 770 89 611 372 4 773 239 657 803 880 719 329 193 74 655 993 35 112 347 873 589 946 283 647 488 539 228 529 340 662 420 446 637 170 45 904 329 562 728 975 394 19 476 872 74 724 253 873 769 983 971 294 901 98 520 676 932 723 63 84 237 310 637 181 851 361 154 461 456 806 822 533 217 662 642 481 637 402 319 899 49 891 813 441 720 210 642 316 126 463 234 163 384 722 27 997 187 897 140 5 139 982 718 35 500 823 135 588 149 983 859 587 728 423 550 175 25 547 626 697 400 926 649 882 353 857 404 143 337 82 747 611 777 229 297 521 275 879 102 700 229 469 905 342 104 541 53 900 696 206 414 822 472 241 578 59 467 340 74 734 129 7 912 689 662 799 342 955 62 84 361 597 754 963 985 108 5 544 844 378 966 766 497 116 19 803 104 977 836 140 83 135 600 885 763 369 682 496 574 959 349 962 722 336 337 477 99 1 916 138 685 235 815 925 836 126 487 706 720 404 912 569 302 8 242 14 355 556 262 872 381 204 894 708 244 814 324 29 101 483 175 408 160 239 329 217 543 215 13 222 654 655 694 934 820 636 67 768 690 574 233 411 235 79 111 981 343 556 659 81 420 713 189 176 610 322 687 161 0
2 279
2 78
2 320
2 366
2 10
2 236
1 221
2 459
2 396
1 473
2 16
2 191
1 21
1 18
2 386
2 156
1 449
2 190
2 3
2 430
1 492
2 37
1 381
2 229
2 8
2 142
2 301
2 312
1 268
1 24
2 104
1 349
2 463
1 364
1 213
1 374
1 288
1 498
2 191
2 101
2 162
1 99
2 341
2 448
2 280
2 144
2 64
1 431
1 24
2 296
2 122
2 431
2 21
2 218
1 204
2 231
1 57
2 457
2 99
2 477
2 444
2 81
1 165
1 48
1 273
2 120
2 18
1 281
1 113
1 353
1 303
1 124
1 258
1 223
2 101
1 440
2 169
2 358
1 193
1 215
2 89
2 358
2 126
2 452
2 33
2 223
1 30
1 32
1 236
2 183
1 286
2 396
2 102
2 136
2 358
1 399
1 296
1 40
2 247
2 230
1 492
1 143
2 357
2 148
1 80
2 220
1 16
1 404
2 188
1 125
1 363
2 384
2 57
2 333
1 129
1 431
1 488
1 271
1 217
1 78
1 415
1 109
1 367
2 279
1 161
1 222
1 429
2 69
2 375
2 276
2 324
1 56
2 148
2 458
2 395
1 62
2 466
1 149
1 401
1 172
2 296
2 499
2 362
2 176
2 269
1 148
2 165
1 165
1 157
2 7
2 386
2 464
1 496
1 290
1 172
2 252
2 461
2 472
1 50
1 343
2 431
1 469
1 237
1 224
1 128
2 78
1 411
2 313
1 180
2 243
2 119
1 280
1 365
1 32
2 469
2 419
1 226
2 479
2 69
1 419
2 392
2 132
2 385
2 41
1 439
2 199
1 241
1 9
1 404
2 143
1 157
2 150
2 73
2 438
2 76
2 110
1 19
2 395
2 193
2 24
1 383
2 349
1 303
2 291
2 341
1 362
2 405
2 177
2 276
1 37
2 145
1 340
2 232
2 159
2 406
1 4
1 21
1 289
1 295
2 96
1 403
2 34
2 122
1 86
2 444
2 472
1 294
2 143
2 175
1 251
2 243
2 203
2 217
2 265
1 250
1 10
1 454
2 428
1 147
1 414
2 263
1 405
2 102
1 390
2 456
1 359
1 18
1 285
1 150
2 219
2 366
2 226
2 220
2 396
2 259
1 448
1 380
1 37
2 39
2 396
2 435
1 265
2 273
1 447
2 174
2 292
2 432
2 476
2 231
1 218
1 277
1 362
1 3
1 347
2 241
2 284
1 321
1 324
2 496
1 154
2 493
2 22
2 266
1 312
1 7
2 128
1 434
2 187
1 476
1 34
1 324
1 310
1 461
1 469
1 472
2 425
2 228
1 5
1 476
2 119
2 374
1 468
2 35
1 379
2 248
1 72
2 158
2 130
1 95
2 372
1 205
1 204
1 69
2 124
1 436
2 217
2 208
2 43
1 17
1 133
1 214
2 119
2 241
2 445
1 141
1 87
1 19
1 54
1 153
2 138
2 36
2 363
1 383
1 264
2 146
1 96
2 389
1 43
1 207
2 180
1 172
1 58
2 11
1 287
1 197
2 122
1 219
2 499
1 488
1 267
1 314
1 348
2 1
1 158
1 3
1 362
2 450
1 465
1 57
2 174
2 91
2 396
1 132
2 293
2 376
1 0
1 356
2 265
1 7
1 476
2 301
2 408
2 441
2 204
1 329
1 485
2 269
1 220
2 293
2 393
2 69
1 189
2 371
1 246
1 154
2 192
1 15
2 29
2 209
1 287
2 121
1 172
2 182
1 376
2 322
1 182
1 223
1 230
1 455
1 322
1 262
1 262
2 429
2 163
2 112
2 415
2 386
2 36
2 92
2 399
1 406
1 492
1 285
2 9
2 285
1 1
2 135
2 383
1 210
1 412
2 7
1 294
1 87
1 3
1 98
2 78
1 391
2 166
2 429
1 437
2 416
2 341
2 369
1 174
1 268
2 38
2 334
2 414
2 495
2 499
2 162
1 436
1 112
1 243
1 365
1 333
2 215
2 306
2 455
2 59
1 111
2 457
2 371
2 499
2 139
2 394
1 378
1 408
1 371
1 331
2 233
2 469
2 267
1 381
2 143
1 179
1 474
2 38
2 440
1 492
1 428
1 42
2 446
1 88
1 221
1 184
2 479
2 295
1 174
1 187
1 101
1 434
2 196
1 454
1 464
1 460
2 265
2 267
1 396
2 352
1 363
1 210
1 388
2 35
2 237
2 67
1 316
1 56
1 273
1 70
