0
0
0
0
0
0
3865
4980
8772
10808
28648
13928
20244
13353
31288
18126
27497
15275
31054
34177
21273
44154
49324
81694
69237
84293
94969
79745
60663
45393
82289
97436
91004
60471
51317
73477
75045
101578
66815
80826
67938
86231
92813
73677
131763
126412
172076
135269
186491
118407
194829
111207
181243
126418
177730
146592
169774
208864
183176
198997
149596
193734
198379
191851
343432
174404
191112
241965
197558
285002
225982
197474
276861
213377
231310
273305
348655
206011
385365
315470
254387
306024
211578
451843
336045
298359
344666
353202
252196
302881
462609
328427
351849
370590
312234
390399
266211
368014
323623
322875
269734
363239
486540
352428
437658
374236
343832
264600
325360
401049
264511
360190
361844
458774
461738
341488
328781
369645
302070
338093
323874
321768
358875
459012
324715
483825
557242
447091
415300
375698
368542
422994
428419
438481
394189
623935
571336
419418
438234
476200
529920
581298
483490
542736
629680
563556
310007
499387
483439
471849
463931
637860
346038
675866
526947
571224
626986
497666
513339
707081
557277
580906
501588
571494
577511
533614
662716
487940
517397
517625
514645
570593
628814
763306
498698
600196
465374
592276
583372
671625
592287
468009
722111
495013
398415
763891
434017
518999
774403
654578
731508
676878
815666
821226
647042
523170
650114
676592
711729
527694
1030893
483470
601395
1125429
819707
654483
851598
838623
1121373
528895
1244979
1207857
567291
752519
1020255
464253
772085
578657
728225
574498
702372
929783
867959
1002073
949872
1015847
573777
732731
632345
1090065
590093
1030355
1043998
718254
834841
681595
968131
1156607
601321
591771
1077835
888464
921288
762592
1106484
606009
1141657
684416
953305
1068549
871514
842186
802094
854465
887827
716447
758551
