1
3
6
9
13
17
22
27
35
44
53
63
75
87
100
113
128
143
159
177
195
213
231
249
271
294
320
346
372
398
424
452
484
516
548
580
613
648
683
718
753
791
831
873
916
959
1002
1046
1091
1138
1185
1232
1283
1335
1388
1442
1497
1552
1607
1664
1721
1780
1839
1900
1961
2022
2086
2151
2217
2283
2349
2418
2487
2556
2628
2700
2772
2845
2922
2999
3076
3155
3234
3314
3395
3479
3563
3647
3732
3818
3904
3990
4080
4170
4262
4354
4446
4539
4632
4725
4821
4917
5016
5115
5214
5316
5420
5524
5628
5733
5841
5950
6060
6171
6282
6394
6508
6622
6738
6854
6970
7089
7209
7330
7451
7573
7697
7821
7945
8069
8197
8325
8454
8583
8712
8844
8977
9111
9245
9379
9515
9651
9791
9931
10073
10215
10357
10501
10647
10793
10940
11089
11239
11389
11540
11690
11843
11996
12150
12304
12459
12615
12771
12931
13092
13254
13418
13582
13746
13913
14081
14249
14417
14587
14757
14927
15100
15274
15448
15624
15802
15980
16158
16337
16518
16699
16880
17061
17244
17427
17614
17801
17989
18176
18367
18559
18752
18945
19138
19334
19531
19729
19929
20129
20331
20533
20736
20941
21146
21351
21558
21765
21973
22181
22389
22600
22812
23026
23242
23458
23674
23890
24107
24327
24548
24769
24990
25214
25439
25664
25891
26119
26347
26575
26805
27037
27269
27504
27739
27975
28212
28450
28688
28926
29166
29408
29651
29896
30141
30387
30634
30882
31130
31380
31631
31883
32134
32387
32640
32895
33148
33405
33662
33922
34183
34444
34706
34970
35231
35496
35761
36023
36291
36559
36829
37098
37370
37643
37917
38192
38467
38742
39020
39299
39577
39859
40141
40425
40709
40994
41280
41567
41856
42146
42436
42726
43019
43312
43606
43900
44194
44491
44786
45085
45385
45686
45987
46291
46595
46899
47204
47511
47819
48128
48437
48746
49055
49368
49683
49998
50313
50628
50945
51262
51579
51900
52222
52543
52867
53190
53514
53838
54162
54490
54820
55151
55483
55815
56148
56484
56820
57154
57491
57828
58165
58502
58845
59188
59533
59878
60224
60571
60919
61267
61615
61964
62314
62667
63020
63374
63728
64082
64439
64798
65157
65517
65875
66236
66598
66960
67326
67692
68059
68428
68795
69160
69530
69898
70268
70638
71008
71383
71757
72132
72507
72886
73266
73649
74034
74419
74804
75190
75577
75966
76357
76748
77140
77529
77923
78318
78713
79108
79506
79904
80305
80705
81107
81509
81910
82305
82705
83110
83516
83922
84331
84740
85151
85562
85978
86393
86808
87224
87638
88055
88474
88893
89315
89733
90155
90578
91002
91426
91852
92281
92707
93136
93566
93997
94429
94864
95298
95735
96173
96613
97049
97487
97925
98366
98808
99254
99701
100148
100594
101041
101487
101934
102385
102838
103292
103747
104200
104652
105110
105569
106029
106490
106952
107414
107878
108343
108809
109276
109743
110208
110673
111143
111614
112088
112562
113035
113509
113983
114456
114930
115404
115883
116364
116847
117331
117815
118298
118785
119272
119762
120252
120743
121234
121727
122217
122709
123204
123699
124197
124695
125190
125685
126183
126685
127184
127688
128195
128702
129209
129714
130225
130735
131246
131756
132268
132782
133296
133806
134323
134842
135361
135879
136401
136920
137444
137968
138495
139021
139548
140068
140597
141126
141657
142188
142719
143250
143783
144314
144847
145382
145918
146456
146991
147526
148064
148606
149151
149696
150244
150792
151342
151885
152435
152985
153539
154091
154645
155201
155758
156318
156873
157433
157991
158551
159108
159673
160236
160802
161367
161935
162503
163071
163639
164208
164778
165349
165919
166493
167071
167646
168224
168804
169385
169964
170546
171132
171718
172304
172892
173480
174064
174652
175242
175834
176424
177017
177612
178208
178806
179403
180004
180605
181206
181805
182408
183011
183614
184216
184818
185426
186033
186643
187252
187858
188467
189078
189686
190297
190912
191528
192141
192760
193373
193992
194609
195233
195854
196480
197104
197731
198360
198990
199619
200251
200885
201518
202151
202776
203412
204047
204686
205324
205966
206608
207243
207888
208532
209176
209818
210462
211109
211756
212404
213053
213700
214349
214997
215654
216308
216965
217621
218281
218939
219601
220261
220923
221585
222252
222910
223571
224233
224897
225562
226231
226901
227570
228244
228914
229588
230263
230936
231613
232291
232969
233652
234333
235019
235701
236385
237073
237762
238450
239141
239831
240522
241216
241911
242604
243300
243995
244695
245392
246093
246795
247489
248184
248879
249582
250286
250987
251693
252398
253110
253821
254530
255239
255950
256661
257373
258090
258805
259523
260238
260953
261671
262389
263115
263839
264564
265288
266013
266741
267466
268189
268921
269652
270384
271115
271850
272586
273322
274058
274791
275531
276268
277010
277753
278498
279243
279985
280728
281472
282224
282967
283721
284475
285220
285972
286724
287481
288233
288989
289750
290511
291268
292029
292792
293557
294322
295089
295856
296623
297390
298158
298930
299700
300471
301246
302022
302792
303567
304347
305126
305904
306684
307464
308245
309028
309815
310594
311381
312167
312943
313731
314523
315311
316103
316891
317682
318479
319268
320064
320861
321660
322462
323258
324060
324860
325667
326467
327270
328079
328881
329688
330500
331306
332113
332925
333742
334554
335362
336179
336995
337810
338627
339449
340266
341081
341904
342726
343546
344375
345197
346025
346852
347683
348515
349346
350178
351015
351844
352668
353500
354338
355182
356026
356868
357708
358549
359387
360233
361079
361927
362771
363619
364469
365318
366169
367021
367865
368718
369569
370427
371287
372144
373004
373864
374726
375583
376437
377305
378167
379032
379900
380770
381631
382505
383372
384241
385110
385981
386855
387732
388605
389485
390367
391243
392123
393005
393882
394767
395653
396534
397422
398305
399198
400081
400967
401858
402750
403648
404543
405432
406324
407218
408115
409014
409910
410808
411704
412603
413504
414413
415323
416229
417136
418046
418961
419870
420778
421696
422609
423524
424436
425352
426258
427173
428091
429004
429925
430845
431767
432693
433623
434546
435458
436389
437316
438249
439175
440109
441033
441967
442895
443828
444765
445701
446633
447576
448515
449458
450403
451344
452293
453240
454187
455137
456080
457030
457977
458926
459878
460830
461784
462738
463697
464654
465612
466572
467528
468489
469457
470423
471395
472364
473338
474296
475262
476235
477201
478164
479135
480112
481077
482049
483029
484001
484975
485952
486923
487901
488871
489850
490830
491817
492804
493788
494772
495758
496754
497746
498741
499727
500717
501710
502711
503704
504703
505702
506697
507695
508703
509694
510694
511694
512695
513702
514710
515724
516733
517736
518747
519756
520766
521777
522788
523803
524816
525831
526849
527868
528889
529912
530931
531952
532978
533995
535020
536045
537074
538100
539126
540144
541183
542213
543235
544270
545307
546347
547389
548424
549458
550491
551532
552567
553610
554651
555690
556731
557774
558813
559867
560912
561965
563010
564058
565113
566164
567212
568267
569322
570376
571426
572486
573544
574607
575662
576728
577793
578867
579931
580998
582062
583129
584187
585261
586331
587406
588487
589563
590636
591717
592800
593867
594943
596020
597111
598195
599273
600354
601438
602527
603614
604697
605785
606882
607977
609068
610161
611247
612342
613436
614515
615609
616708
617817
618902
620009
621113
622217
623324
624433
625548
626652
627756
628865
629978
631094
632203
633317
634433
635555
636663
637783
638899
640024
641139
642260
643389
644511
645632
646758
647884
649014
650144
651278
652402
653530
654653
655789
656932
658056
659190
660319
661459
662596
663732
664875
666024
667165
668313
669454
670596
671736
672884
674026
675181
676326
677477
678631
679782
680928
682083
683231
684388
685552
686713
687861
689014
690176
691342
692509
693676
694840
696006
697177
698343
699522
700690
701854
703028
704211
705389
706571
707754
708926
710107
711278
712456
713636
714814
715996
717164
718349
719542
720733
721930
723113
724304
725497
726684
727879
729072
730268
731469
732666
733863
735053
736245
737452
738644
739835
741025
742223
743431
744633
745832
747041
748260
749473
750690
751904
753113
754318
755533
756744
757956
759181
760406
761630
762858
764087
765310
766537
767760
768982
770209
771433
772665
773891
775131
776357
777590
778821
780054
781282
782514
783747
784987
786227
787455
788684
789924
791170
792401
793636
794881
796108
797356
798607
799852
801098
802347
803603
804855
806105
807352
808609
809869
811130
812385
813643
814911
816164
817416
818673
819936
821203
822471
823742
825017
826279
827556
828824
830103
831374
832652
833934
835217
836491
837760
839047
840338
841623
842905
844191
845464
846748
848020
849303
850586
851867
853147
854435
855707
857003
858297
859585
860880
862160
863472
864758
866056
867353
868650
869953
871255
872562
873868
875174
876473
877766
879052
880370
881678
882995
884292
885594
886908
888228
889546
890859
892168
893489
894811
896126
897434
898756
900087
901407
902733
904060
905387
906720
908042
909366
910699
912029
913369
914708
916037
917371
918721
920056
921399
922726
924053
925397
926729
928069
929418
930758
932102
933450
934801
936144
937506
938859
940201
941549
942903
944258
945609
946958
948311
949671
951023
952389
953748
955107
956463
957815
959178
960545
961915
963292
964668
966027
967407
968773
970144
971520
972890
974267
975629
977000
978386
979775
981146
982537
983922
985294
986683
988070
989442
990833
992230
993617
995008
996403
997784
999168
1000562
1001957
1003350
1004747
1006138
1007524
1008918
1010316
1011712
1013117
1014504
1015922
1017313
1018714
1020113
1021514
1022926
1024329
1025735
1027148
1028561
1029977
1031387
1032802
1034212
1035638
1037059
1038481
1039906
1041333
1042756
1044178
1045604
1047028
1048452
1049892
1051303
1052724
1054161
1055600
1057019
1058452
1059889
1061321
1062754
1064184
1065622
1067054
1068503
1069940
1071376
1072820
1074254
1075697
1077143
1078594
1080037
1081478
1082931
1084373
1085814
1087271
1088728
1090185
1091635
1093083
1094532
1095986
1097435
1098886
1100345
1101809
1103259
1104710
1106176
1107635
1109099
1110551
1111999
1113446
1114904
1116375
1117854
1119324
1120805
1122278
1123742
1125221
1126704
1128168
1129643
1131136
1132618
1134098
1135571
1137057
1138547
1140028
1141511
1142989
1144480
1145965
1147452
1148944
1150425
1151909
1153396
1154865
1156356
1157849
1159348
1160844
1162342
1163836
1165342
1166839
1168341
1169845
1171346
1172866
1174381
1175890
1177401
1178918
1180417
1181939
1183448
1184960
1186477
1187983
1189502
1191014
1192540
1194068
1195585
1197111
1198646
1200173
1201703
1203226
1204759
1206288
1207807
1209346
1210882
1212412
1213947
1215491
1217038
1218566
1220090
1221626
1223181
1224710
1226238
1227773
1229319
1230854
1232393
1233928
1235478
1237028
1238574
1240124
1241671
1243227
1244779
1246321
1247881
1249439
1250978
1252530
1254065
1255616
1257172
1258729
1260295
1261850
1263408
1264971
1266534
1268099
1269653
1271225
1272778
1274352
1275941
1277505
1279074
1280644
1282198
1283758
1285328
1286907
1288470
1290043
1291595
1293169
1294755
1296344
1297931
1299501
1301091
1302670
1304264
1305833
1307420
1309008
1310603
1312201
1313794
1315379
1316991
1318581
1320174
1321769
1323367
1324954
1326559
1328166
1329761
1331361
1332944
1334546
1336172
1337770
1339371
1340965
1342570
1344181
1345789
1347400
1348994
1350596
1352203
1353807
1355419
1357031
1358643
1360258
1361876
1363494
1365105
1366710
1368334
1369952
1371586
1373209
1374841
1376469
1378087
1379715
1381343
1382977
1384595
1386237
1387879
1389514
1391154
1392793
1394431
1396068
1397697
1399350
1401000
1402645
1404267
1405916
1407563
1409202
1410847
1412505
1414136
1415791
1417432
1419075
1420736
1422375
1424032
1425678
1427323
1428983
1430628
1432295
1433952
1435612
1437263
1438921
1440588
1442248
1443915
1445602
1447278
1448941
1450605
1452274
1453946
1455618
1457294
1458974
1460644
1462318
1463979
1465664
1467338
1469015
1470698
1472383
1474060
1475742
1477428
1479093
1480776
1482467
1484156
1485839
1487522
1489210
1490907
1492598
1494279
1495991
1497674
1499336
1501011
1502717
1504409
1506093
1507795
1509495
1511183
1512884
1514587
1516308
1517994
1519679
1521373
1523072
1524766
1526489
1528200
1529904
1531612
1533306
1535021
1536728
1538428
1540158
1541858
1543580
1545292
1547002
1548720
1550440
1552162
1553874
1555582
1557302
1559025
1560751
1562468
1564201
1565928
1567632
1569360
1571078
1572809
1574534
1576272
1577994
1579732
1581457
1583197
1584926
1586661
1588404
1590131
1591859
1593589
1595352
1597104
1598853
1600608
1602348
1604104
1605866
1607615
1609358
1611119
1612889
1614649
1616402
1618160
1619908
1621661
1623422
1625174
1626917
1628684
1630449
1632225
1633982
1635748
1637521
1639269
1641042
1642798
1644558
1646333
1648088
1649854
1651631
1653404
1655158
1656951
1658728
1660492
1662288
1664073
1665859
1667646
1669438
1671223
1673000
1674753
1676545
1678323
1680106
1681898
1683678
1685490
1687262
1689055
1690846
1692626
1694434
1696226
1698020
1699809
1701601
1703398
1705201
1706987
1708766
1710561
1712354
1714160
1715960
1717764
1719575
1721395
1723195
1724989
1726800
1728601
1730406
1732216
1734014
1735833
1737649
1739462
1741258
1743079
1744898
1746718
1748539
1750351
1752171
1753983
1755821
1757638
1759449
1761296
1763138
1764964
1766806
1768634
1770457
1772291
1774118
1775964
1777803
1779616
1781457
1783289
1785125
1786957
1788781
1790599
1792431
1794266
1796108
1797958
1799786
1801634
1803498
1805345
1807178
1809024
1810871
1812740
1814607
1816478
1818343
1820205
1822045
1823899
1825756
1827624
1829481
1831335
1833177
1835047
1836907
1838776
1840631
1842506
1844385
1846256
1848132
1849998
1851873
1853756
1855630
1857507
1859387
1861279
1863140
1865016
1866886
1868767
1870640
1872529
1874401
1876275
1878141
1880025
1881905
1883782
1885684
1887566
1889443
1891342
1893232
1895134
1897019
1898920
1900811
1902697
1904597
1906497
1908387
1910289
1912189
1914084
1915969
1917860
1919748
1921663
1923570
1925486
1927401
1929312
1931212
1933112
1935015
1936918
1938822
1940728
1942634
1944556
1946456
1948357
1950271
1952214
1950271
1948357
1946456
1944556
1942634
1944556
1946472
1948403
1950321
1948403
1946472
1944556
1946458
1948391
1950297
1952198
1954110
1956031
1954110
1952198
1950297
1948391
1946458
1944556
1946458
1944556
1946458
1948391
1946458
1948385
1946458
1944556
1942634
1940728
1942634
1940728
1938822
1940724
1942628
1940724
1942628
1944551
1942628
1940724
1938822
1936918
1935015
1933112
1931212
1929312
1927401
1925486
1923570
1921663
1923570
1925486
1923570
1925479
1927389
1929294
1927389
1929294
1931175
1933078
1934968
1933078
1934955
1933078
1931175
1933081
1931175
1929294
1931190
1929294
1927389
1929291
1931194
1933095
1931194
1929291
1927389
1929291
1931201
1933098
1935004
1936917
1938823
1936917
1938830
1940759
1938830
1940759
1942679
1944586
1946514
1944586
1942679
1940759
1938830
1936917
1935004
1933098
1931201
1933101
1931201
1929291
1931194
1933069
1931194
1929291
1931201
1933103
1931201
1933098
1931201
1929291
1927389
1925479
1927389
1925479
1927377
1929271
1931180
1933104
1931180
1929271
1931159
1933074
1931159
1933074
1934959
1936851
1934959
1933074
1934991
1933074
1934959
1933074
1934970
1933074
1931159
1933057
1934971
1933057
1931159
1933051
1934944
1933051
1934961
1936873
1934961
1936862
1938787
1940692
1938787
1936862
1934961
1936873
1938774
1936873
1934961
1933051
1934950
1936870
1934950
1936870
1938770
1936870
1938770
1940679
1938770
1936870
1938788
1936870
1938774
1940685
1938774
1940699
1938774
1940685
1942591
1940685
1938774
1940699
1942608
1940699
1938774
1936870
1934950
1936876
1934950
1933051
1931159
1933074
1931159
1929271
1931180
1933086
1931180
1933104
1935025
1936923
1935025
1936923
1935025
1936923
1935025
1933104
1931180
1929271
1931180
1929271
1927377
1925479
1927379
1929265
1931156
1933055
1931156
1929265
1931179
1933092
1935008
1933092
1931179
1929265
1927379
1925479
1923570
1925479
1923570
1925486
1923570
1925473
1923570
1925479
1923570
1921663
1919748
1921652
1923561
1925449
1923561
1921652
1923559
1921652
1919748
1921652
1919748
1921652
1923538
1925443
1927349
1929263
1927349
1925443
1927347
1925443
1923538
1921652
1923538
1921652
1923538
1921652
1919748
1917860
1919749
1921656
1919749
1917860
1919765
1917860
1919749
1921658
1919749
1917860
1915969
1914084
1915969
1914084
1916000
1917888
1916000
1917888
1919785
1917888
1916000
1914084
1916000
1914084
1912189
1910289
1912198
1914116
1916012
1917902
1919812
1917902
1916012
1917919
1916012
1914116
1915983
1917870
1919779
1921699
1923613
1921699
1923610
1921699
1919779
1921699
1923610
1925511
1927401
1929308
1927401
1929308
1927401
1929308
1931211
1929308
1927401
1925511
1927427
1929324
1931221
1933133
1935056
1936966
1938873
1936966
1935056
1936989
1938900
1936989
1935056
1936966
1935056
1933133
1935025
1933133
1931221
1933141
1935034
1936935
1935034
1933141
1935034
1936948
1935034
1936946
1935034
1936946
1938870
1940787
1938870
1940748
1938870
1940748
1942648
1940748
1938870
1940787
1942705
1940787
1938870
1940785
1942690
1944603
1946519
1948445
1950362
1948445
1950360
1948445
1946519
1948435
1946519
1948435
1950349
1952259
1950349
1952251
1954177
1956081
1957998
1956081
1954177
1952251
1950349
1952251
1950349
1952251
1950349
1948435
1946519
1944603
1946519
1944603
1946519
1944603
1946498
1944603
1946498
1944603
1946498
1948398
1950303
1948398
1950303
1948398
1946498
1948417
1950328
1952247
1950328
1952223
1954159
1952223
1954159
1956087
1954159
1952223
1954147
1952223
1950328
1952247
1954166
1952247
1954160
1952247
1954170
1956092
1954170
1952247
1954170
1956092
1958023
1956092
1957992
1956092
1958023
1956092
1958015
1959941
1961852
1963773
1961852
1963773
1965691
1967591
1969501
1971412
1969501
1967591
1965691
1967603
1969532
1967603
1965691
1963773
1965703
1963773
1965691
1967615
1969548
1971486
1969548
1967615
1965691
1967591
1965691
1963773
1965703
1963773
1961852
1959941
1958015
1956092
1957992
1956092
1954170
1956084
1954170
1952247
1954170
1956096
1958009
1956096
1958005
1956096
1954170
1956096
1958039
1959971
1958039
1959971
1961891
1959971
1958039
1956096
1954170
1952247
1950328
1948417
1946498
1944603
1942690
1940785
1938870
1936946
1935034
1933141
1931221
1929324
1931227
1929324
1927427
1925511
1923610
1921699
1919779
1917870
1915983
1914116
1912198
1910289
1908387
1906497
1904597
1902697
1900811
1898920
1897019
1895134
1893232
1891342
1889443
1887566
1885684
1883782
1881905
1880025
1878141
1876275
1874401
1872529
1870640
1872497
1870640
1868767
1866886
1865016
1863140
1861279
1859387
1857507
1855630
1853756
1851873
1849998
1848132
1846256
1844385
1842506
1840631
1838776
1836907
1835047
1836907
1838776
1836907
1835047
1833177
1831335
1829481
1831335
1829481
1827624
1825756
1823899
1822045
1820205
1818343
1816478
1818341
1820215
1822047
1820215
1818341
1816478
1814607
1812740
1810871
1809024
1807178
1805345
1803498
1801634
1799786
1797958
1796108
1794266
1792431
1790599
1788781
1786957
1785125
1783289
1781457
1779616
1777803
1775964
1774118
1772291
1770457
1768634
1766806
1764964
1763138
1761296
1759449
1757638
1755821
1753983
1755821
1753983
1752171
1750351
1748539
1746718
1744898
1743079
1741258
1739462
1737649
1735833
1734014
1732216
1730406
1728601
1726800
1724989
1726800
1724989
1723195
1721395
1719575
1717764
1715960
1714160
1712354
1710561
1708766
1706987
1705201
1703398
1701601
1699809
1698020
1699809
1698020
1696226
1694434
1692626
1690846
1689055
1690846
1689055
1687262
1685490
1683678
1681898
1680106
1678323
1676545
1674753
1673000
1671223
1669438
1667646
1665859
1664073
1662288
1660492
1658728
1656951
1655158
1653404
1651631
1649854
1648088
1646333
1648080
1646333
1644558
1642798
1641042
1639269
1637521
1635748
1633982
1635748
1633982
1632225
1630449
1628684
1626917
1625174
1623422
1621661
1619908
1618160
1616402
1614649
1612889
1611119
1609358
1611098
1609358
1607615
1605866
1604104
1602348
1600608
1598853
1597104
1595352
1593589
1591859
1593574
1591859
1590131
1588404
1586661
1584926
1583197
1581457
1579732
1577994
1576272
1574534
1572809
1574534
1572809
1574556
1576281
1574556
1572809
1571078
1569360
1567632
1565928
1564201
1562468
1560751
1559025
1557302
1555582
1553874
1552162
1550440
1548720
1547002
1545292
1543580
1541858
1543579
1541858
1543579
1541858
1540158
1538428
1536728
1535021
1533306
1531612
1529904
1528200
1526489
1524766
1523072
1521373
1523085
1521373
1519679
1517994
1516308
1514587
1512884
1511183
1509495
1511183
1509495
1507795
1506093
1504409
1502717
1501011
1499336
1497674
1495991
1494279
1492598
1490907
1489210
1487522
1485839
1484156
1482467
1480776
1479093
1477428
1475742
1474060
1472383
1470698
1469015
1467338
1465664
1463979
1462318
1460644
1458974
1457294
1455618
1453946
1452274
1450605
1448941
1450620
1448941
1447278
1445602
1447278
1445602
1443915
1442248
1440588
1438921
1437263
1435612
1433952
1432295
1430628
1428983
1427323
1428997
1427323
1425678
1424032
1422375
1420736
1419075
1417432
1415791
1414136
1412505
1410847
1409202
1407563
1405916
1404267
1402645
1401000
1399350
1397697
1396068
1397697
1396068
1394431
1392793
1394431
1392793
1391154
1389514
1387879
1386237
1384595
1382977
1381343
1379715
1378087
1376469
1374841
1373209
1374832
1373209
1371586
1369952
1368334
1366710
1365105
1363494
1361876
1360258
1358643
1357031
1355419
1353807
1352203
1350596
1348994
1350596
1348994
1347400
1345789
1344181
1342570
1340965
1339371
1337770
1336172
1334546
1332944
1331361
1329761
1328166
1329768
1328166
1326559
1324954
1323367
1324954
1323367
1321769
1323370
1321769
1320174
1318581
1316991
1315379
1313794
1312201
1310603
1309008
1307420
1305833
1304264
1302670
1304264
1302670
1301091
1299501
1297931
1296344
1294755
1293169
1291595
1290043
1288470
1286907
1285328
1283758
1282198
1280644
1279074
1277505
1275941
1274352
1272778
1271225
1269653
1268099
1266534
1264971
1263408
1261850
1260295
1258729
1257172
1255616
1254065
1252530
1250978
1249439
1247881
1246321
1244779
1243227
1241671
1240124
1238574
1237028
1235478
1233928
1232393
1230854
1229319
1227773
1226238
1224710
1223181
1221626
1220090
1218566
1217038
1215491
1213947
1215488
1213947
1212412
1210882
1209346
1207807
1206288
1204759
1203226
1204759
1203226
1201703
1200173
1198646
1197111
1195585
1194068
1192540
1191014
1189502
1187983
1186477
1184960
1183448
1181939
1180417
1178918
1177401
1175890
1174381
1172866
1171346
1169845
1171346
1169845
1168341
1166839
1165342
1163836
1162342
1163828
1162342
1160844
1159348
1157849
1156356
1154865
1153396
1151909
1150425
1148944
1147452
1145965
1144480
1142989
1141511
1140028
1138547
1137057
1135571
1134098
1135571
1134098
1132618
1131136
1129643
1128168
1126704
1128171
1126704
1128179
1126704
1125221
1123742
1122278
1120805
1122271
1120805
1119324
1117854
1116375
1114904
1113446
1114904
1113446
1111999
1110551
1109099
1107635
1106176
1107635
1106176
1104710
1103259
1101809
1100345
1098886
1097435
1095986
1094532
1095986
1094532
1093083
1091635
1090185
1088728
1087271
1085814
1084373
1082931
1081478
1080037
1081478
1080037
1078594
1077143
1075697
1074254
1072820
1071376
1072819
1071376
1069940
1068503
1067054
1065622
1064184
1065622
1064184
1062754
1061321
1062746
1061321
1059889
1058452
1057019
1055600
1054161
1052724
1051303
1049892
1048452
1047028
1045604
1044178
1042756
1041333
1039906
1038481
1037059
1035638
1034212
1032802
1031387
1029977
1031386
1029977
1028561
1027148
1028558
1029980
1028558
1027148
1025735
1024329
1022926
1024329
1022926
1021514
1022926
1021514
1020113
1018714
1017313
1015922
1014504
1013117
1011712
1010316
1008918
1007524
1006138
1004747
1003350
1001957
1003362
1004751
1003362
1001957
1000562
999168
997784
996403
995008
993617
992230
990833
992215
990833
989442
988070
986683
985294
983922
982537
983922
982537
981146
979775
978386
977000
975629
974267
972890
974244
975605
976982
978365
976982
975605
974244
972890
971520
970144
968773
967407
966027
964668
963292
961915
960545
959178
957815
956463
955107
953748
952389
951023
949671
948311
946958
945609
944258
942903
941549
940201
938859
937506
936144
934801
933450
932102
930758
929418
928069
929418
928069
926729
925397
924053
925397
924053
925402
926749
925402
924053
922726
921399
920056
921399
920056
918721
917371
916037
914708
913369
912029
913372
912029
910699
909366
910699
909366
908042
906720
905387
904060
902733
901407
900087
898756
897434
896126
897441
896126
894811
893489
892168
890859
889546
888228
886908
885594
884292
882995
881678
880370
879052
877766
876473
875174
873868
872562
871255
869953
871259
872575
871259
869953
868650
867353
866056
864758
863472
862160
863472
862160
860880
859585
858297
857003
855707
854435
853147
854443
853147
851867
850586
851868
850586
849303
848020
846748
845464
844191
842905
841623
840338
839047
837760
836491
835217
833934
832652
833918
832652
831374
830103
828824
827556
826279
825017
823742
822471
821203
819936
818673
817416
816164
814911
813643
812385
811130
809869
808609
807352
806105
804855
803603
802347
801098
799852
798607
799852
798607
797356
796108
794881
793636
792401
791170
789924
788684
787455
786227
784987
783747
782514
781282
780054
778821
777590
776357
775131
773891
772665
771433
770209
768982
767760
766537
765310
764087
762858
761630
762848
761630
760406
759181
757956
756744
755533
754318
753113
751904
750690
749473
748260
747041
745832
744633
743431
742223
741025
742220
743432
742220
741025
739835
738644
737452
736245
735053
733863
732666
731469
730268
729072
730264
729072
727879
726684
725497
724304
723113
724310
723113
721930
723109
721930
720733
719542
718349
717164
715996
714814
713636
712456
711278
710107
708926
707754
706571
705389
704211
703028
701854
700690
699522
700693
699522
698343
697177
698343
697177
696006
694840
693676
692509
691342
690176
691340
690176
689014
687861
686713
685552
684388
683231
684391
685546
686710
687879
689048
690198
691344
692512
693665
694839
696006
697168
698330
699512
700680
701855
703034
704200
705380
704200
705380
706557
707735
708910
710091
711270
712446
713616
712446
713631
714809
715986
717171
718354
719545
720730
721919
723116
721919
723105
724294
725476
726652
727839
729038
730231
731428
732618
733813
735015
736218
737420
738620
739825
741028
742232
743433
744634
745846
747056
748275
749497
750709
751928
753147
754362
755571
756791
757996
759202
760423
761639
762865
764082
765297
764082
765304
766529
767750
768969
770199
771416
772644
773871
775091
776321
775091
776325
775091
776321
777553
778788
780028
781271
782510
783737
784974
786212
787461
788710
789943
791194
792445
793686
794927
796177
797412
798653
799889
801135
802384
803598
804857
806105
807362
808627
809885
811137
812392
813657
814913
816174
814913
816174
817426
818689
819950
821213
822478
823748
825019
826271
827536
828806
830073
831343
830073
831348
832602
831348
832619
833903
835183
836457
837743
839020
840304
841587
842868
844140
845414
846693
847956
849243
850528
851814
853086
854381
855659
856949
858235
859527
860828
859527
860818
862124
863423
864722
866025
867327
868620
869923
868620
869923
871218
872520
873833
875136
876444
877758
879076
880384
881694
882994
884310
885618
886937
885618
886937
888241
889561
890878
889561
888241
889562
890872
892178
893503
894826
896153
897473
898804
900131
901451
902782
904124
905461
906785
908115
909454
910790
912133
913471
912133
913471
914809
916142
917485
918825
920163
921502
922838
924186
925524
926867
928210
929550
930907
932245
933591
934928
936287
937633
938976
940314
941658
943007
944354
945705
944354
945705
947068
948428
949783
951136
952496
953855
952496
953855
955206
956571
955206
956571
957932
959288
957932
959299
960656
962019
960656
962019
963390
962019
963379
964746
966121
967499
966121
967499
968867
970229
971607
972983
974365
975737
974365
975737
977122
978510
979885
981276
982652
984021
985397
986773
988154
989542
990920
992302
993675
995062
996448
997838
999235
997838
999235
1000636
1002027
1003425
1004816
1006216
1007620
1009026
1010433
1011823
1013226
1014626
1016026
1017422
1018827
1020234
1021641
1023054
1024456
1025858
1027268
1028681
1030089
1031504
1032913
1034321
1035739
1037150
1038569
1039992
1041408
1042839
1044262
1042839
1044262
1045674
1047103
1048532
1049967
1051400
1052838
1054260
1055685
1057119
1058542
1059977
1061424
1062853
1061424
1062862
1064292
1065726
1067172
1065726
1067175
1065726
1067172
1068608
1070047
1071484
1072915
1074359
1072915
1074359
1072915
1074368
1075811
1077257
1078678
1080117
1081561
1082996
1084439
1085888
1087335
1088784
1090224
1091660
1093102
1094543
1095992
1097453
1098917
1100370
1098917
1100370
1101820
1103281
1104733
1103281
1104744
1106207
1107665
1109124
1110589
1112055
1113533
1114996
1116468
1117930
1119407
1120883
1122353
1123834
1125312
1126788
1128278
1129755
1131224
1132716
1134195
1135682
1137169
1138645
1140123
1141595
1143082
1141595
1143074
1144562
1146041
1147532
1146041
1147532
1149014
1150491
1151996
1150491
1151988
1153457
1151988
1153465
1154962
1153465
1154952
1156437
1157938
1159437
1160935
1162439
1160935
1162439
1163930
1165411
1166899
1168392
1169892
1171403
1172919
1174433
1175950
1177466
1178981
1180485
1181998
1183498
1185010
1186512
1188031
1189529
1191031
1192541
1194052
1195571
1194052
1195556
1197071
1198591
1200114
1201640
1203161
1204694
1206227
1207734
1209256
1210788
1212312
1213838
1215374
1216904
1218443
1219986
1221532
1223072
1224614
1226168
1227702
1229233
1230773
1232307
1233861
1232307
1233861
1235402
1236932
1238471
1240014
1241559
1243115
1244656
1243115
1244661
1246192
1247743
1249310
1247743
1246192
1247748
1249294
1247748
1249297
1250851
1252412
1253972
1255511
1257059
1258615
1260159
1261730
1263279
1264835
1263279
1264835
1263279
1264832
1266391
1267940
1269499
1271068
1272636
1274205
1275773
1277339
1278917
1280493
1278917
1280491
1282065
1283638
1285221
1286801
1288357
1289915
1291468
1293046
1294615
1296204
1297778
1299349
1300928
1302500
1304080
1305661
1307226
1308811
1310388
1311980
1313556
1315155
1316736
1318322
1319917
1318322
1319898
1321497
1323077
1324671
1326270
1327874
1329467
1331053
1329467
1331072
1332673
1331072
1332659
1331072
1332655
1334277
1335882
1337483
1339078
1340685
1342280
1343865
1345463
1347060
1348689
1347060
1348668
1350269
1351897
1353512
1351897
1350269
1351872
1353467
1355065
1353467
1355065
1356687
1358286
1359916
1361541
1359916
1361533
1363150
1364774
1366362
1367975
1369581
1371213
1372825
1374438
1376061
1377696
1379323
1380950
1382588
1380950
1382586
1384217
1385856
1387489
1385856
1387484
1389132
1390762
1392397
1394020
1395639
1397259
1398881
1400533
1402159
1403803
1405435
1407077
1408714
1410327
1411954
1413588
1415216
1416873
1415216
1416873
1418507
1420171
1421825
1423474
1425132
1426793
1428433
1430085
1431740
1433383
1435052
1436701
1438358
1440032
1441681
1443342
1445011
1446669
1448327
1449989
1451647
1453323
1455013
1456680
1458354
1460014
1461672
1463336
1461672
1463336
1465012
1466682
1465012
1466680
1468349
1470022
1471682
1473349
1475030
1476692
1478373
1480054
1481746
1483414
1485110
1486798
1488485
1490173
1491856
1493542
1495241
1496946
1498633
1500325
1502019
1503721
1505426
1503721
1505426
1507148
1508809
1510507
1512217
1510507
1512217
1513929
1515635
1517328
1519032
1517328
1519032
1520726
1522429
1524143
1525841
1527557
1529276
1530993
1532716
1534431
1536158
1537884
1539613
1541317
1543051
1544775
1546494
1548233
1549965
1551662
1553389
1555111
1556832
1558574
1560302
1562047
1563759
1565491
1567223
1568948
1570674
1572402
1574134
1575859
1574134
1575849
1577577
1579300
1581053
1582779
1584514
1586250
1587983
1589729
1591472
1593221
1594971
1596720
1598477
1600230
1601991
1603723
1605468
1607203
1608942
1610697
1612436
1614190
1615948
1617684
1619434
1621186
1622930
1624696
1626446
1628202
1629941
1631700
1633464
1635230
1637007
1638773
1640548
1642320
1644073
1645832
1647617
1649397
1647617
1649397
1651172
1652944
1651172
1652942
1654683
1656454
1658241
1656454
1658241
1660030
1661796
1663597
1665362
1667122
1668895
1670665
1672460
1674249
1676023
1677819
1679609
1681408
1683183
1684967
1683183
1684963
1686753
1688553
1690342
1692145
1693919
1695726
1697523
1699308
1701102
1702892
1704688
1706484
1708278
1710089
1711897
1713709
1715509
1717328
1719143
1720930
1722753
1724537
1722753
1724576
1726402
1728198
1730013
1731820
1733649
1735474
1737286
1739103
1740919
1742726
1744556
1746375
1748184
1749997
1751801
1753642
1755456
1757280
1759128
1760961
1762799
1764625
1766453
1768271
1770090
1771922
1773740
1775579
1773740
1775579
1777410
1779268
1781098
1782954
1784795
1786613
1788449
1790286
1788449
1790250
1792072
1793901
1795754
1797576
1799436
1801299
1803142
1805015
1806858
1805015
1806858
1805015
1806858
1805015
1806858
1808709
1810529
1808709
1810529
1812385
1810529
1812377
1814204
1816053
1817919
1819770
1821631
1823483
1825327
1827194
1829055
1830931
1832789
1830931
1832784
1834628
1836478
1838332
1836478
1834628
1836491
1838344
1840187
1842057
1843928
1845787
1847639
1845787
1847639
1849512
1851394
1849512
1851394
1853252
1855116
1857004
1858872
1860750
1862615
1864476
1866345
1868217
1870095
1871964
1873851
1875747
1877602
1879459
1881329
1879459
1881352
1883223
1885096
1887002
1885096
1886980
1888860
1890741
1892643
1890741
1892643
1894528
1896409
1894528
1896430
1898336
1900220
1902120
1904013
1905915
1907794
1909697
1911610
1913497
1915412
1917309
1919170
1917309
1915412
1917309
1919178
1921077
1922974
1924885
1926801
1928720
1930635
1932535
1934445
1932535
1934441
1936373
1938288
1940199
1942106
1944007
1945921
1947846
1949767
1947846
1949776
1947846
1945921
1947813
1949732
1951645
1953520
1951645
1949732
1947813
1949732
1947813
1949732
1947813
1945921
1944007
1945921
1944007
1942106
1943993
1942106
1940199
1938288
1936373
1934441
1936342
1934441
1932535
1934443
1932535
1934443
1936357
1938245
1940174
1938245
1940146
1938245
1940147
1938245
1940147
1938245
1936357
1934443
1932535
1934443
1932535
1930635
1928720
1930635
1928720
1926801
1928711
1930620
1928711
1926801
1924885
1926774
1928691
1930592
1932492
1930592
1928691
1930612
1932507
1930612
1928691
1926774
1924885
1926801
1928711
1930620
1928711
1926801
1928720
1926801
1924885
1926786
1928703
1930618
1928703
1926786
1924885
1922974
1924878
1926790
1924878
1922974
1924876
1922974
1924885
1926786
1928676
1930579
1928676
1930579
1932493
1934393
1932493
1934393
1936304
1934393
1932493
1930579
1928676
1926786
1928703
1926786
1924885
1926774
1928691
1926774
1928691
1930592
1932484
1934366
1936266
1938175
1940097
1942017
1940097
1938175
1940097
1942002
1940097
1938175
1940086
1938175
1936266
1938175
1940070
1941983
1940070
1938175
1940070
1938175
1936266
1938175
1940086
1941987
1940086
1938175
1936266
1938180
1936266
1938180
1940089
1938180
1936266
1938172
1936266
1934366
1936271
1938200
1936271
1934366
1932484
1934378
1932484
1930592
1932492
1930592
1928691
1930612
1932511
1930612
1932507
1934415
1936326
1934415
1936326
1938256
1936326
1938256
1940173
1942077
1940173
1942095
1940173
1942095
1944010
1945917
1944010
1942095
1944010
1942095
1940173
1942095
1944010
1942095
1944010
1942095
1940173
1942066
1943968
1945892
1943968
1945903
1947818
1949732
1947818
1945903
1943968
1942066
1943978
1942066
1940173
1942095
1944010
1945917
1947851
1949749
1951664
1953582
1951664
1953568
1951664
1949749
1951648
1953566
1951648
1949749
1951664
1949749
1951648
1953566
1955481
1957420
1955481
1957397
1959307
1957397
1955481
1953566
1951648
1953584
1955514
1957460
1955514
1957460
1955514
1953584
1955478
1953584
1955520
1957435
1959343
1961267
1963162
1961267
1959343
1957435
1959356
1961284
1959356
1957435
1959343
1957435
1955520
1953584
1951648
1953566
1951648
1953584
1955520
1957435
1959343
1957435
1955520
1957435
1955520
1957420
1955520
1953584
1955520
1953584
1951648
1949749
1951686
1953608
1951686
1953606
1955552
1953606
1951686
1953606
1955514
1953606
1951686
1949749
1947851
1945917
1947809
1945917
1944010
1945945
1947878
1949794
1947878
1945945
1947878
1945945
1944010
1945924
1947832
1945924
1947849
1949756
1951676
1949756
1947849
1945924
1944010
1945945
1947881
1949788
1947881
1945945
1947878
1949778
1947878
1945945
1944010
1945945
1944010
1945945
1944010
1945917
1947831
1945917
1947809
1949745
1947809
1949716
1947809
1945917
1944010
1942095
1940173
1938256
1936326
1938256
1936326
1938256
1940173
1942066
1943968
1942066
1943978
1945850
1947784
1949701
1947784
1945850
1947784
1949712
1947784
1945850
1943978
1945850
1943978
1945890
1947828
1945890
1947819
1945890
1947782
1949689
1951602
1949689
1951592
1953502
1951592
1953502
1951592
1949689
1951622
1953547
1951622
1949689
1951592
1953502
1951592
1949689
1951622
1953549
1955480
1953549
1955466
1957368
1959282
1961194
1959282
1961217
1963144
1961217
1963146
1965072
1967010
1965072
1967010
1965072
1963146
1961217
1963146
1961217
1963144
1961217
1959282
1957368
1959282
1957368
1955466
1957391
1959310
1961232
1963131
1965060
1963131
1961232
1959310
1957391
1959293
1957391
1959293
1961221
1963127
1965067
1966961
1965067
1963127
1965046
1966961
1965046
1963127
1965046
1963127
1961221
1959293
1961221
1963149
1965080
1963149
1965078
1966998
1965078
1963149
1965078
1966999
1965078
1966998
1965078
1963149
1965080
1967004
1965080
1963149
1961221
1963127
1965054
1966993
1968896
1970810
1972749
1974672
1976612
1978536
1976612
1974672
1976601
1974672
1976612
1974672
1972749
1970810
1968896
1970836
1968896
1966993
1968916
1966993
1968896
1966993
1968916
1970842
1972774
1974700
1972774
1974700
1972774
1970842
1968916
1966993
1968921
1970848
1968921
1966993
1965054
1966973
1965054
