12 7
1 2 100
2 3 100
4 5 100
6 7 100
7 8 100
9 10 100
11 12 100
49
2 10 562
5 10 8755
4 9 7386
6 12 316
2 6 3670
4 6 6588
9 5 1641
5 8 6918
6 2 5228
3 8 6670
2 6 7167
12 2 5511
10 12 8434
1 11 964
6 10 4681
8 7 3997
11 4 6935
10 4 4560
1 2 788
12 5 800
7 12 7584
6 11 4138
5 4 1657
1 6 851
9 12 9809
9 4 1619
8 11 1014
3 6 5233
3 10 6031
11 6 1747
8 4 1700
8 10 2115
1 8 9616
10 12 5749
7 2 5724
1 10 2993
8 4 4129
8 4 5976
2 11 3318
9 1 5088
9 12 5559
1 4 7242
4 2 7032
4 10 3116
1 5 1154
9 10 8184
8 4 7822
6 12 8937
10 9 1762