25
143 448 720
355 564 163
75 581 862
349 659 598
300 87 375
17 844 386
397 494 550
498 547 9
884 905 450
868 635 17
312 73 568
741 14 35
296 48 907
498 902 254
738 26 609
557 384 0
693 369 911
475 555 16
501 40 547
353 726 563
904 220 233
315 729 874
793 842 375
99 952 171
850 300 923
730 133 438
0 231 660
98 729 235
934 760 850
488 862 438
467 586 328
805 971 753
481 112 682
11 908 658
580 468 87
758 495 342
25 707 456
653 5 839
347 323 427
397 203 326
538 383 543
689 993 972
181 803 755
774 380 450
437 978 693
230 679 490
355 92 287
893 87 716
114 936 888
294 95 508
847 468 259
695 155 458
648 141 915
392 905 419
37 933 377
836 537 366
155 5 326
661 158 703
439 913 21
163 71 132
877 601 820
423 214 747
321 636 307
214 914 804
32 203 294
824 274 111
991 26 636
319 890 514
947 565 177
488 52 267
468 658 674
106 706 372
612 191 381
264 980 602
389 59 527
909 232 188
389 887 958
39 444 589
941 61 701
100 627 342
18 294 950
18 965 360
450 34 874
793 475 946
34 991 410
848 364 138
856 158 586
132 21 677
427 898 355
486 656 512
188 636 226
30 991 340
308 137 153
608 822 490
44 642 331
947 689 275
494 962 924
200 951 82
390 807 4
184 93 612
555 614 516
851 656 873
159 891 506
819 185 915
865 600 265
825 299 508
373 527 620
602 379 273
913 818 445
741 652 78
159 982 51
893 60 230
267 91 841
654 487 791
612 139 248
607 560 316
365 940 573
28 616 461
217 565 689
722 428 544
676 45 237
958 979 41
295 319 597
811 698 292
418 779 929
650 61 580
948 692 382
181 97 267
129 212 155
445 131 979
377 58 478
889 65 788
431 5 510
725 170 320
421 958 317
654 22 297
395 771 878
877 719 370
24 360 635
316 731 313
791 776 267
737 136 951
42 983 409
375 697 468
599 328 218
410 651 864
389 879 29
945 616 511
968 659 398
555 389 517
385 209 246
344 38 376
853 397 410
564 310 242
255 812 941
393 342 75
815 364 755
45 60 321
712 418 621
484 963 622
451 897 20
671 765 217
695 957 68
978 637 776
880 394 34
447 929 663
853 338 602
891 395 296
9 447 650
427 839 180
444 870 890
597 913 805
64 275 599
82 784 358
614 200 720
881 109 881
693 892 488
998 977 882
286 278 425
623 869 595
661 557 938
709 860 362
527 995 225
124 923 852
86 795 835
832 434 610
13 889 857
442 716 593
739 542 143
106 394 713
81 227 848
656 133 146
3 82 766
956 710 62
73 142 877
307 48 666
535 942 326
8 182 959
119 824 802
508 270 960
851 28 765
452 860 241
721 64 730
531 886 596
333 794 218
648 859 380
338 616 102
140 421 260
100 559 741
99 818 534
23 288 901
536 574 985
587 545 547
658 653 675
108 908 770
351 875 621
607 429 79
954 966 723
32 791 203
236 253 407
614 696 902
32 88 684
631 913 968
888 713 922
345 718 90
118 117 552
991 878 960
579 412 969
746 312 690
216 465 352
485 56 995
176 337 71
9 498 552
662 46 634
856 880 291
287 552 422
684 317 731
196 913 793
671 224 852
40 250 206
246 922 814
200 893 748
999 20 639
125 698 448
610 735 481
923 143 906
656 402 130
313 551 602
824 78 767
931 587 467
921 150 626
64 791 892
192 411 904
679 917 321
537 738 595
302 134 227
836 109 440
244 738 40
72 125 471
739 16 246
659 368 495
535 457 986
45 146 366
190 379 383
443 730 323
812 28 752
369 644 966
577 689 372
231 101 347
141 643 533
740 400 835
469 772 518
34 227 461
453 987 300
135 819 920
143 619 408
386 47 292
607 851 125
66 549 495
386 557 683
17 171 434
730 576 507
271 758 30
293 812 848
481 542 924
720 802 177
39 815 451
712 780 383
318 912 175
855 159 189
692 307 513
811 788 480
208 15 245
14 822 397
727 54 579
847 364 687
290 947 373
83 503 64
691 917 705
888 247 421
876 601 338
715 265 232
202 224 393
170 883 196
168 77 418
51 252 974
494 885 513
419 816 105
596 834 362
471 585 101
835 735 162
945 294 488
875 262 833
288 814 587
891 174 111
69 970 660
513 681 267
714 415 964
978 800 430
863 594 909
198 669 639
278 26 977
444 471 286
899 296 7
819 588 507
588 209 584
828 587 866
299 123 208
324 494 678
469 998 821
239 419 414
558 284 361
549 777 807
39 906 449
544 160 976
353 576 584
64 957 637
921 367 401
429 650 976
28 945 972
478 487 678
625 64 762
754 350 603
528 186 914
260 254 700
812 13 458
805 280 589
382 259 599
344 924 604
341 411 90
562 660 70
427 314 366
364 47 393
41 891 154
832 666 174
882 284 748
475 231 146
313 178 173
404 27 404
466 442 977
426 601 432
625 874 582
876 30 859
697 799 177
433 325 226
352 679 905
391 679 207
920 793 155
778 941 284
959 149 527
667 474 359
425 70 720
225 831 822
71 224 732
984 636 931
61 450 824
909 171 450
14 948 258
252 954 672
2 382 521
54 336 904
402 590 587
526 909 545
3 395 513
272 59 445
944 67 553
647 796 194
954 368 277
184 57 929
366 40 18
950 500 7
355 432 226
188 86 808
247 626 986
219 94 762
962 664 899
736 982 365
246 912 16
662 335 813
168 40 724
238 988 978
334 245 534
458 876 269
537 359 254
357 265 675
393 218 330
748 839 896
241 788 586
199 390 715
38 996 593
153 5 128
239 915 939
748 252 271
48 42 254
975 601 673
353 621 614
859 75 18
756 234 782
826 997 776
617 572 525
674 145 153
506 324 904
186 447 133
976 693 691
307 421 665
535 511 682
259 346 634
625 158 218
690 915 357
434 380 894
878 222 468
857 611 539
548 178 781
949 368 222
727 538 337
909 924 525
651 85 484
61 182 269
871 824 196
83 234 537
680 174 112
605 364 688
411 864 982
485 74 716
552 976 872
551 764 516
76 641 213
699 32 438
395 886 553
748 671 65
288 797 449
152 560 537
768 847 249
149 470 6
274 852 644
727 849 77
421 892 841
658 921 398
813 219 547
430 203 171
87 797 173
283 75 275
391 517 715
906 292 353
221 176 741
676 61 169
156 138 685
629 517 677
905 163 97
669 163 493
241 462 94
373 771 284
778 675 937
634 861 775
146 965 816
910 19 68
852 317 939
72 975 957
134 709 29
194 157 487
561 100 937
928 955 98
938 188 997
687 404 483
244 251 946
296 669 966
131 10 46
705 85 127
508 445 392
520 79 942
305 609 292
737 126 688
207 571 843
209 206 662
616 636 506
397 890 421
103 69 124
428 469 30
337 981 992
561 763 670
177 572 892
161 730 802
881 939 333
517 710 171
323 862 237
245 358 702
928 130 167
296 478 867
590 50 842
354 105 393
981 260 393
382 850 235
982 446 43
809 797 192
592 321 461
125 816 650
974 414 572
370 329 814
48 995 250
166 303 554
255 376 287
295 274 130
678 36 223
681 663 280
354 149 231
820 429 649
874 378 969
640 4 967
755 530 639
780 336 4
845 299 426
416 228 585
849 119 379
599 362 996
343 749 995
389 853 279
557 590 973
135 96 788
539 881 668
901 891 34
200 991 474
797 802 800
816 368 985
39 224 194
848 307 423
870 206 436
817 277 671
684 149 910
780 663 286
75 771 815
143 957 40
829 200 37
685 635 782
129 161 89
557 251 179
711 655 116
88 947 338
773 615 58
476 785 568
340 260 255
378 581 449
652 237 68
473 19 483
684 585 389
259 884 134
169 756 267
549 701 335
787 327 191
127 835 857
663 611 739
211 128 437
595 338 680
904 157 870
153 931 81
671 343 357
564 879 75
600 883 612
863 789 998
397 832 485
890 465 560
815 63 617
76 835 625
368 593 143
808 800 296
304 224 276
901 461 796
317 864 328
587 652 178
297 350 460
379 621 642
639 743 711
897 769 214
42 136 927
628 45 278
460 999 611
627 915 402
70 915 334
174 359 502
248 915 17
904 212 691
784 462 48
997 38 265
161 247 852
27 539 502
952 835 355
991 36 302
411 882 5
822 976 94
479 31 594
509 987 822
261 690 245
48 862 479
487 413 620
84 808 596
44 679 161
909 312 251
415 799 154
996 957 3
479 249 558
613 311 877
357 781 492
839 214 312
411 685 678
871 739 347
997 227 204
797 767 2
263 789 354
894 472 65
202 533 986
807 532 750
27 519 345
163 916 371
458 918 386
506 881 623
53 312 615
156 86 314
847 513 628
838 180 989
964 385 297
605 465 739
436 958 339
31 840 164
393 946 625
310 450 899
460 17 488
699 891 240
19 534 333
869 38 327
34 134 783
300 570 238
618 407 550
404 696 434
669 97 627
400 915 910
135 819 693
749 330 591
594 236 550
518 708 151
554 334 208
373 618 705
62 490 932
843 619 755
300 488 262
382 335 24
252 539 232
61 941 685
766 17 384
256 284 286
653 487 215
38 803 831
393 404 242
633 252 699
62 992 492
157 219 591
920 930 552
604 679 709
959 147 476
409 803 764
508 488 75
888 4 219
585 127 444
439 515 877
919 266 774
122 280 499
655 424 960
502 460 506
523 200 85
253 262 153
896 205 525
888 539 951
452 42 766
263 423 466
156 344 841
178 179 957
315 344 123
303 157 177
606 13 858
38 850 562
629 60 910
373 771 474
922 718 940
288 403 443
59 731 486
554 103 165
823 582 920
816 60 985
723 360 673
401 635 380
694 348 673
287 945 73
328 483 907
22 25 823
596 25 937
5 377 839
86 218 959
237 405 535
764 164 116
401 496 261
120 430 588
725 743 745
841 221 66
201 765 400
62 480 338
614 529 917
707 857 219
828 989 420
689 149 149
135 94 631
672 917 751
782 375 448
953 991 665
404 365 284
230 206 764
171 850 139
922 237 390
176 740 833
358 527 237
743 900 768
826 421 502
23 352 504
403 363 999
60 932 695
590 8 293
558 244 308
771 197 973
861 804 590
806 814 89
766 361 894
237 149 854
242 191 103
302 115 347
438 77 511
468 797 629
563 186 347
935 914 29
712 55 977
963 60 170
466 736 207
334 48 277
246 882 152
706 410 152
140 813 613
499 363 680
21 520 782
945 453 711
392 304 389
773 339 883
538 674 367
947 747 203
338 643 909
308 689 270
564 965 330
380 976 741
273 365 158
543 327 570
481 223 40
454 897 248
607 43 136
143 535 709
573 306 281
32 249 463
288 394 352
276 248 915
128 753 172
529 796 349
510 505 416
303 766 968
694 689 382
964 954 398
811 397 7
529 960 11
164 281 247
140 309 444
464 828 570
474 583 477
976 102 848
459 933 404
773 302 595
236 533 835
537 209 472
510 818 331
578 953 687
625 436 465
665 786 920
179 708 483
892 756 382
730 16 480
400 385 198
629 199 675
579 639 102
450 790 617
762 274 55
975 74 134
155 401 720
851 61 946
458 585 879
648 202 115
616 954 310
920 389 305
8 599 60
775 41 901
8 323 204
850 887 799
648 308 225
47 12 300
74 915 215
303 61 367
261 381 480
188 85 764
492 667 851
536 91 760
69 672 52
375 133 349
101 164 464
754 629 903
46 999 997
839 278 947
471 368 214
296 730 176
385 642 387
456 367 846
850 271 816
527 680 639
284 239 160
305 432 821
348 723 686
130 866 42
253 414 288
857 351 494
659 134 743
216 599 450
877 521 524
482 331 282
783 923 646
11 371 266
316 769 296
369 810 304
563 402 683
394 827 454
251 735 104
36 157 847
613 904 949
729 597 808
654 881 745
742 971 200
358 143 374
351 397 120
202 732 862
959 678 610
914 682 663
217 902 683
436 930 257
968 944 336
995 684 757
853 704 621
404 819 892
126 937 377
722 393 819
354 518 674
498 569 560
60 700 503
687 709 273
71 603 369
839 671 637
430 32 507
754 212 805
250 734 602
782 730 707
227 108 487
490 450 960
602 146 331
99 251 192
468 830 771
782 965 75
934 946 309
44 443 233
523 733 972
226 352 98
287 796 212
711 217 709
933 404 859
12 89 737
300 813 199
483 208 655
371 434 706
326 221 414
125 589 669
394 501 972
29 639 188
253 819 919
595 723 489
407 704 822
569 360 142
482 174 5
350 307 520
972 833 920
755 391 73
657 263 848
711 910 481
287 45 210
150 900 633
152 51 36
999 674 148
733 121 870
202 55 723
305 17 339
640 579 694
382 526 627
966 170 811
627 856 164
651 578 531
459 862 617
872 921 908
213 502 300
722 212 798
380 463 934
978 389 427
891 291 820
791 686 446
606 181 936
864 857 774
37 160 482
220 655 9
357 197 243
640 492 858
566 162 587
365 309 150
973 503 708
850 856 379
810 60 177
67 76 677
302 596 294
304 601 207
884 332 520
339 995 778
929 176 388
519 520 21
69 213 319
166 248 571
741 18 848
727 690 770
448 550 876
746 887 454
343 947 715
216 196 501
245 512 912
954 6 726
144 468 717
278 482 956
11 670 317
978 348 104
472 931 438
270 648 486
523 792 628
966 875 161
115 214 189
866 447 83
962 833 747
643 602 530
242 281 993
897 915 585
191 266 278
357 255 608
693 285 414
731 443 425
454 414 28
355 157 421
7 194 577
420 650 514
851 152 749
129 17 187
889 600 478
638 517 356
313 626 82
325 867 147
875 160 321
125 702 519
28 160 364
301 338 873
23 720 596
