25
270 56 714
630 191 260
45 983 796
561 244 967
363 795 622
541 92 962
964 214 41
872 497 590
800 931 713
869 844 696
947 327 218
427 329 304
855 150 776
797 924 198
388 924 78
509 869 638
974 807 490
851 278 207
775 352 478
218 517 752
135 137 836
854 616 200
54 40 194
98 417 729
447 714 249
678 840 583
383 933 88
763 141 290
22 566 953
736 389 128
511 73 486
26 617 479
1 802 496
831 880 188
547 544 745
499 561 792
292 531 914
232 12 755
965 441 86
495 529 233
778 949 629
693 539 612
60 838 920
439 701 228
609 288 351
86 43 963
323 112 514
215 184 485
472 784 777
714 832 674
102 703 135
60 282 134
500 717 978
892 403 155
410 928 904
264 743 996
523 795 120
820 858 197
308 576 509
142 549 82
712 939 156
19 273 93
356 280 774
986 548 246
800 74 621
147 545 736
626 154 924
707 924 409
443 952 392
15 863 662
312 556 219
499 867 203
382 780 301
647 815 313
202 666 66
814 470 198
360 606 788
327 802 359
267 233 405
786 970 665
507 845 393
329 989 108
810 545 482
303 890 577
484 50 277
208 563 788
484 59 346
399 298 995
774 165 583
735 749 776
314 820 273
96 20 125
635 47 954
250 48 343
205 337 129
199 739 486
747 192 583
307 56 703
601 284 956
743 726 523
810 611 38
551 435 123
983 757 488
331 910 380
125 623 496
747 144 376
999 309 271
153 579 527
52 135 168
681 416 43
485 415 310
80 467 35
293 108 491
184 469 438
793 672 933
787 716 968
23 297 949
731 313 243
101 993 168
270 275 365
926 671 213
353 450 480
682 867 709
889 405 690
991 683 274
541 740 316
252 347 631
691 373 128
659 846 655
23 678 680
943 813 585
265 862 438
432 739 837
643 833 682
417 270 910
775 179 397
717 510 832
832 229 703
849 133 271
310 316 54
910 659 267
676 414 776
631 274 526
984 804 435
16 293 767
446 615 150
261 283 26
680 176 564
334 833 673
61 645 768
13 619 291
286 449 195
445 762 899
48 358 653
932 787 960
969 821 954
868 318 742
533 611 629
615 973 94
125 754 387
856 249 725
918 675 53
597 31 372
647 732 57
541 17 861
80 473 828
141 342 4
96 241 30
144 306 699
351 168 687
697 452 619
631 634 220
349 875 21
367 869 188
289 987 387
402 691 616
132 185 461
500 772 757
196 753 184
102 654 380
360 411 522
789 863 556
132 311 602
725 21 788
298 718 537
180 572 966
432 830 290
112 894 388
707 409 372
769 542 467
111 601 536
269 539 856
160 756 689
368 167 693
587 865 299
595 705 348
186 413 949
97 547 687
452 477 562
124 624 342
358 939 34
271 751 513
566 912 826
18 756 65
833 999 294
179 162 625
741 216 431
806 499 83
63 400 661
177 908 260
431 332 648
269 271 569
790 606 496
180 351 901
297 702 493
276 5 361
726 650 871
790 811 885
94 114 852
350 679 833
67 396 877
555 421 260
252 710 780
835 38 647
365 781 523
966 969 264
249 883 705
764 652 112
302 502 567
684 326 492
38 970 808
636 136 310
813 472 620
8 699 851
26 643 684
169 410 692
19 926 413
903 224 765
961 418 930
612 713 251
971 153 230
62 455 985
805 139 313
349 882 882
270 371 827
793 732 276
814 984 93
35 843 186
632 38 957
901 26 594
909 937 149
739 40 192
628 398 897
328 215 778
174 500 851
175 150 551
998 572 210
752 362 454
231 61 507
137 949 285
946 917 105
433 627 188
515 375 7
816 10 125
471 266 251
660 891 471
419 340 642
731 525 573
378 769 867
92 62 234
550 74 426
108 639 825
520 261 577
419 237 750
240 774 195
375 616 136
34 410 835
485 783 26
377 838 265
507 23 910
728 891 858
754 330 67
878 466 573
591 274 202
655 752 535
594 206 964
13 195 508
281 888 345
860 746 119
213 786 976
724 783 283
956 941 331
524 665 420
74 579 821
194 803 158
721 829 964
492 513 565
841 905 324
706 642 267
216 836 478
502 320 536
202 691 295
108 918 665
990 772 885
108 835 422
959 309 394
966 637 662
793 799 211
666 874 375
783 984 205
379 270 378
66 456 165
462 121 719
269 995 841
313 45 869
547 484 967
834 9 521
225 680 865
760 811 15
553 158 252
717 215 90
822 841 796
465 305 728
484 475 312
566 43 760
92 852 617
781 86 230
45 297 682
842 540 211
847 779 689
87 831 479
320 511 540
103 122 300
752 976 851
91 248 199
594 657 30
409 124 565
146 353 13
224 608 203
916 569 122
404 131 393
744 199 439
139 10 766
497 638 336
251 399 764
349 525 940
374 889 132
197 975 118
208 170 45
389 542 243
408 388 908
800 679 945
843 258 579
730 591 443
270 827 123
9 903 895
488 490 605
881 198 670
210 384 462
430 471 352
155 203 453
655 411 872
610 594 86
835 990 730
550 935 663
326 325 448
723 78 242
665 492 540
63 671 814
125 511 30
638 904 657
545 494 182
306 998 63
256 532 294
675 577 807
993 721 951
14 302 993
115 279 644
997 856 346
695 785 191
630 986 460
852 472 961
574 990 924
932 131 311
14 451 585
74 259 933
731 117 866
611 313 806
56 967 58
129 379 254
42 346 62
618 294 797
638 727 27
993 695 432
866 723 481
41 450 310
27 200 824
878 690 269
547 522 588
121 63 912
676 853 592
488 624 359
304 683 753
734 876 534
852 275 490
342 702 748
393 514 76
385 906 826
175 934 950
134 619 562
661 513 615
983 228 251
150 354 582
217 694 291
567 937 302
806 707 991
972 740 350
974 231 307
520 192 783
90 762 909
392 346 921
356 769 512
837 642 510
763 62 986
164 400 821
804 151 953
993 722 479
10 802 680
604 341 681
421 334 442
645 875 693
451 346 394
130 182 333
346 924 167
933 746 105
101 829 459
104 210 170
554 207 880
167 159 654
912 583 151
359 301 259
191 295 20
159 997 396
495 584 730
631 689 851
450 511 913
166 342 555
151 22 536
199 667 32
461 353 395
84 402 978
342 345 598
503 482 456
449 985 995
778 737 487
192 192 407
412 645 426
712 765 811
437 199 177
302 463 73
707 461 288
574 67 967
719 529 283
392 827 609
808 465 11
956 570 182
15 766 147
749 897 532
480 497 62
45 317 945
27 567 124
456 731 641
229 942 87
518 756 908
595 386 32
453 635 891
58 856 706
48 4 147
538 339 857
869 580 715
447 304 728
319 170 55
720 740 745
983 591 630
518 447 552
592 259 665
979 120 944
336 987 995
262 879 820
559 679 870
959 170 398
37 584 785
415 417 398
783 775 716
634 364 360
14 956 238
295 575 219
326 187 388
580 589 967
573 894 394
51 51 55
103 153 609
933 890 38
536 675 686
185 991 147
330 610 368
385 401 452
107 903 599
70 399 213
410 566 721
778 553 730
738 702 280
202 628 686
246 82 165
500 143 198
654 66 831
684 995 328
106 63 889
246 765 569
805 567 367
330 957 753
934 503 322
862 60 478
591 53 175
392 744 154
560 123 505
253 819 123
31 229 337
213 287 789
910 792 793
509 705 3
263 606 821
242 534 966
776 378 175
311 232 453
848 401 430
596 185 999
59 392 570
721 170 238
960 643 246
123 613 130
696 435 4
679 937 126
172 595 430
154 910 394
687 488 863
40 417 105
553 76 625
65 395 530
607 485 139
852 209 787
382 477 354
273 264 753
576 235 311
996 931 177
365 494 507
423 195 702
554 87 23
298 288 45
97 564 248
388 138 632
383 631 661
690 240 49
226 88 420
60 754 769
14 202 587
976 25 695
191 708 698
333 323 443
51 104 705
643 693 560
308 384 127
97 475 146
972 323 2
729 929 731
301 355 582
567 256 419
77 950 308
268 12 584
137 893 268
917 834 900
542 388 831
693 13 525
419 843 309
946 784 966
739 571 77
56 256 608
781 572 343
179 738 272
941 491 596
719 27 797
742 699 462
684 567 741
863 808 585
90 964 553
198 365 328
937 41 904
532 143 429
439 957 527
311 821 762
4 574 126
399 136 756
198 147 474
471 621 602
921 944 644
364 328 900
40 995 739
820 895 599
367 367 642
221 186 451
192 551 109
351 292 383
313 710 40
496 182 21
361 992 447
748 684 728
942 564 543
359 137 581
745 148 770
824 382 536
149 324 865
32 630 729
861 474 859
901 25 217
396 311 117
687 429 875
223 587 545
403 964 584
657 400 437
480 266 229
373 972 746
824 779 877
490 169 242
186 345 197
515 578 154
25 586 328
714 661 170
296 320 754
187 390 614
601 550 562
756 549 487
218 613 270
363 761 40
233 321 122
980 639 780
812 353 869
143 217 954
73 365 322
659 20 947
589 484 573
848 357 15
663 292 617
779 585 105
203 417 567
532 934 143
382 287 202
860 937 838
406 989 636
911 695 947
625 381 293
821 289 430
234 715 852
146 574 890
752 278 748
102 173 61
633 747 59
266 212 362
338 247 633
644 17 194
97 948 261
211 393 786
691 240 535
669 170 922
610 343 228
110 84 87
777 460 6
463 454 880
739 934 15
488 90 949
202 608 555
395 401 723
797 91 598
693 813 280
96 407 640
263 603 80
896 308 892
700 895 834
937 348 320
148 382 528
557 679 229
291 975 30
368 920 622
452 148 573
76 178 104
822 987 694
760 598 62
728 481 96
719 518 862
203 911 514
802 381 836
536 85 886
622 708 59
545 6 657
780 6 493
547 661 995
853 111 117
73 63 852
301 229 387
961 203 726
588 500 668
541 730 72
423 788 340
254 19 423
798 367 689
151 546 924
109 566 493
289 207 502
916 303 898
493 941 851
422 424 692
533 878 661
587 852 572
43 595 187
464 550 340
695 401 16
883 119 666
624 764 702
688 676 188
920 358 475
634 65 686
853 181 376
65 659 394
333 920 340
865 872 126
11 92 898
659 774 932
333 359 530
692 655 449
508 114 518
847 885 216
26 149 701
736 941 978
603 817 700
593 633 269
842 785 679
393 416 436
176 302 891
781 113 433
55 680 850
906 714 647
270 377 850
101 620 349
94 792 180
929 788 843
623 59 929
1 510 814
508 383 72
298 81 394
705 943 427
480 31 478
503 132 102
18 654 99
58 165 70
567 562 594
99 492 812
343 792 917
201 467 918
64 827 261
403 128 662
15 101 296
374 133 926
782 652 742
98 469 580
927 455 970
445 287 479
510 224 917
433 212 970
829 734 153
30 392 14
144 897 548
187 979 693
336 397 381
16 65 992
182 390 380
343 21 180
230 230 472
102 47 888
556 313 477
277 646 748
630 689 785
146 358 812
25 72 499
804 962 960
728 315 229
968 183 372
237 768 557
715 54 24
714 595 687
565 739 628
372 26 640
709 431 376
693 506 754
785 352 499
730 24 348
970 626 68
968 787 613
226 99 492
151 760 77
643 108 250
803 816 15
986 608 707
557 732 221
428 819 831
510 287 747
947 127 172
209 848 480
833 828 462
355 84 685
561 647 817
263 669 129
202 263 214
954 575 437
721 95 145
545 789 731
888 73 42
68 937 692
48 426 640
329 767 3
252 8 86
930 722 174
245 308 676
597 429 140
868 332 896
815 622 407
323 411 549
802 467 483
785 229 565
499 993 977
569 240 624
293 562 757
982 648 85
762 248 613
396 846 277
870 173 973
339 358 992
797 329 496
671 473 22
670 154 634
83 78 210
616 412 729
160 51 586
283 796 865
137 682 564
244 683 432
366 804 147
745 600 176
553 592 188
325 640 897
770 496 124
588 711 947
830 506 808
847 693 985
619 830 910
164 139 354
303 961 294
452 361 632
189 126 740
672 948 658
575 869 398
530 441 312
491 947 197
726 604 876
772 608 820
299 612 637
692 873 913
490 273 387
903 204 64
701 83 94
724 505 679
157 123 506
349 699 383
540 743 875
603 627 653
33 414 382
292 870 359
772 37 417
715 851 273
666 737 511
337 176 782
468 167 274
989 168 655
783 790 541
761 147 924
311 804 600
917 217 987
137 916 17
639 43 417
589 562 363
127 649 625
35 172 754
725 891 825
362 274 969
704 557 338
812 912 642
300 61 111
526 653 30
81 939 625
81 362 880
688 182 398
789 885 572
105 182 246
207 227 207
391 450 255
872 765 653
138 687 130
487 977 207
763 244 551
643 972 983
326 166 483
291 318 403
280 848 752
216 496 48
35 322 954
472 934 235
638 212 867
77 663 443
836 709 530
221 641 386
2 909 195
194 531 257
888 613 107
843 346 483
273 15 492
438 486 243
616 822 375
85 933 408
591 679 925
234 43 760
85 860 844
795 199 700
151 332 972
926 78 442
207 951 635
226 218 834
706 923 104
35 94 614
325 344 480
575 679 237
460 667 788
561 66 132
921 700 10
939 585 193
925 161 337
202 993 396
850 246 627
473 39 74
244 501 228
959 190 42
999 267 132
294 9 397
258 412 98
450 962 763
74 984 442
841 414 852
310 248 48
956 75 72
27 590 373
723 700 278
940 733 776
968 613 51
998 394 587
880 585 462
98 909 224
879 160 320
118 590 655
32 41 930
293 79 363
974 274 638
35 956 287
88 216 431
953 988 413
829 45 967
914 661 53
876 129 444
784 338 91
810 491 356
155 404 637
857 271 709
948 725 297
374 848 869
960 641 655
110 908 201
775 83 911
757 248 351
363 675 311
27 824 774
113 278 533
788 890 799
736 966 899
309 364 803
