1000 300000
598 36 6587
601 598 1327
331 601 2783
760 601 3875
763 331 519
311 763 2804
389 760 3935
396 389 9152
602 311 3334
566 396 7002
752 566 8577
43 752 4245
13 43 6342
267 13 685
573 43 1442
488 13 4015
568 488 6100
404 568 748
913 488 1264
897 913 3210
536 404 7645
740 536 6755
456 897 6279
190 740 3988
759 740 4781
495 456 4687
922 190 6212
908 495 1161
478 922 2627
928 922 3325
103 478 3941
452 928 6951
918 452 8650
503 452 3274
155 918 2821
881 918 4411
784 881 3519
429 881 8691
935 784 8611
23 429 5824
44 429 9313
104 44 1221
640 23 3836
211 44 7958
857 640 5899
399 211 5181
700 857 6875
260 700 1208
800 700 6187
584 700 9416
186 260 4959
985 800 4419
826 584 4718
914 985 5571
607 985 3812
781 607 7925
356 607 9008
888 607 7179
395 356 6119
438 356 8810
49 888 9088
696 438 1389
71 49 5958
754 71 5712
418 696 3497
932 754 8054
987 932 4109
386 987 180
288 932 6745
819 288 2595
216 386 4761
126 216 3746
402 819 7516
853 216 4081
304 126 8743
39 853 727
948 853 8641
553 948 8909
492 553 8533
722 492 6369
631 492 3283
619 492 7876
232 722 3183
868 619 461
385 868 5232
384 385 2132
176 384 9682
24 385 3783
665 176 5092
668 24 1624
125 24 27
129 668 5244
160 129 7486
173 129 1934
534 129 1128
630 534 5626
174 173 1273
758 174 8707
193 174 4149
734 758 8622
528 758 3107
414 193 4724
581 734 4287
807 528 4948
571 414 5385
200 581 9438
502 807 2756
12 571 9241
487 502 3015
306 502 191
77 12 2095
181 487 5996
432 306 9420
937 77 4578
444 937 6207
355 432 727
605 444 7699
769 444 5637
479 355 1393
59 605 7993
592 59 9529
305 592 8165
204 592 784
15 305 8847
867 204 797
188 15 2464
541 15 7835
89 541 7029
988 188 3258
787 988 4433
74 89 9502
709 74 1833
143 787 2814
660 709 8998
251 660 231
910 660 4295
795 660 5830
855 910 7437
388 910 6897
843 855 3709
558 855 4639
313 558 1121
712 843 4123
164 712 1239
737 313 5685
351 712 608
377 164 7825
530 737 4419
849 351 2263
697 849 2712
903 697 5505
477 903 9069
167 477 1711
94 903 9716
707 94 3126
606 707 5363
392 707 5645
229 606 483
180 392 63
783 229 8305
245 180 7773
603 180 5568
353 245 2265
679 353 4613
330 603 2491
191 679 1914
560 191 7327
779 191 6459
68 560 6421
401 560 1116
757 68 2384
567 757 5281
107 401 7496
81 107 9269
346 567 5768
131 81 7844
454 131 9648
810 346 4416
636 131 3844
764 636 4639
653 810 3723
646 764 860
892 764 1346
348 646 1682
917 348 22
40 892 3028
504 917 7453
106 504 2232
375 106 8526
690 504 1735
934 106 5125
520 375 5070
171 520 7792
846 520 8672
877 846 1764
745 171 7986
701 877 4168
833 701 4686
333 701 8616
995 701 4417
585 333 1828
999 333 620
70 999 6655
149 585 1399
302 70 721
911 70 8425
688 302 70
28 688 1425
676 911 8748
464 676 7969
448 676 6168
128 676 7005
840 464 2289
666 448 5760
258 128 1956
543 666 5288
983 258 1966
449 258 7301
380 983 198
801 380 1550
762 801 7008
644 801 9068
717 644 8827
30 762 7532
825 717 8996
398 30 3009
152 825 9968
724 398 464
146 724 4471
572 146 9283
381 572 6003
423 146 2087
704 423 9621
686 423 878
559 686 8160
506 559 6925
250 559 3836
214 250 622
739 506 6228
904 250 3136
390 739 1433
685 390 5250
421 904 4189
499 685 9900
524 421 2760
847 499 4038
768 847 5591
550 768 4558
412 768 4983
6 768 103
526 412 4335
93 6 3524
445 93 4948
165 93 49
169 445 5090
718 445 5147
628 169 1593
417 169 1619
130 628 8974
616 130 2255
896 417 3606
364 616 6921
804 616 3470
157 804 5086
782 804 5478
909 804 5552
268 909 3458
314 268 5588
20 268 4151
667 20 6133
114 667 932
645 114 7775
32 114 5142
776 114 1813
366 645 883
156 366 9067
805 366 816
202 156 429
442 202 8938
695 442 7878
234 695 2177
122 695 633
419 695 9257
247 419 188
778 122 2552
60 419 4008
315 247 5754
163 778 1643
108 60 384
119 315 6470
770 119 8108
811 108 3567
876 811 2662
57 770 1456
586 811 3867
629 57 6390
374 57 4201
883 374 9571
743 374 4644
822 883 1437
599 822 5652
416 599 6044
837 599 3381
657 837 1903
206 657 9269
670 657 8872
332 657 6393
121 206 6412
219 121 5721
608 121 8788
850 608 3087
161 850 6527
266 608 4508
817 850 2877
969 161 3348
282 817 869
236 282 6445
729 236 7440
192 729 3043
425 192 7292
196 729 8279
118 192 2362
224 118 6699
820 196 3729
902 224 9208
916 224 3032
796 902 1176
436 796 4383
773 436 3228
856 773 3079
803 773 5512
486 856 8134
753 486 1314
14 486 629
792 14 1206
542 14 5729
246 792 5845
116 246 1165
791 246 7409
827 791 2333
954 791 3219
463 791 4797
730 954 5605
956 954 584
815 463 1368
307 730 2514
296 815 400
290 307 3951
194 290 483
578 194 4329
334 194 8926
91 334 6894
841 578 1967
915 841 6799
901 915 9483
672 901 2947
986 672 2506
383 986 7458
767 986 8247
750 383 6634
547 383 7361
898 750 6349
480 547 8156
347 547 3376
540 898 6688
325 347 5566
434 540 8201
797 434 4995
977 434 4134
407 797 8082
994 407 5898
221 977 6096
83 994 9934
443 994 1495
34 83 4812
529 443 6739
574 443 326
989 529 9688
264 989 8045
187 264 7002
112 187 9338
861 264 1235
702 112 5497
154 112 657
379 154 7000
620 154 8229
255 620 5789
721 620 6966
276 255 7358
650 721 9340
893 650 7174
369 893 7877
579 650 2278
435 579 467
711 435 2850
885 579 12
359 711 4880
205 711 1000
249 205 3693
460 249 6263
326 460 1703
570 249 1593
693 570 1188
312 693 6084
470 312 9594
979 470 9025
80 470 7396
527 979 1487
105 527 7876
151 80 2847
680 527 891
871 151 3814
998 151 7938
150 680 7422
689 998 6549
863 998 5141
710 150 7363
158 689 9564
959 863 7711
950 959 8634
61 158 2210
67 959 6375
26 950 8231
301 67 9201
31 301 5421
324 26 5706
982 301 616
554 982 1832
17 324 1441
113 554 3684
673 17 593
37 673 3387
400 113 9642
405 673 8320
338 37 6319
56 400 3448
203 338 5302
533 338 8477
836 56 7149
894 533 2460
626 533 7875
747 626 8614
426 747 8394
207 747 9187
716 426 3723
875 207 3162
590 716 4178
341 590 6090
828 341 6846
736 341 6484
624 736 9042
358 624 1871
109 624 2679
494 358 5939
899 109 2440
808 899 5470
818 808 1716
517 899 3155
133 808 3552
387 818 1941
277 133 7650
378 277 9168
292 378 5591
715 292 3873
844 292 2750
794 292 1177
946 844 4138
713 794 2862
939 946 5380
439 713 3834
63 939 1575
8 439 3385
945 63 1603
895 945 3551
777 8 4346
496 945 2448
992 895 9605
168 992 2311
85 992 4064
54 85 3712
308 54 2954
521 308 7438
123 54 7287
482 308 4245
674 521 5390
120 123 2768
865 674 2843
522 120 4125
812 522 4893
870 865 1260
882 812 9161
225 812 1364
274 882 4469
422 274 4958
367 422 2478
638 422 695
997 422 3059
775 367 434
195 997 7687
457 195 6548
838 457 7395
145 457 7063
500 145 2770
595 838 6360
52 500 9076
397 500 9689
199 52 6251
166 52 5631
973 199 1329
733 166 9605
141 166 9184
25 973 5447
741 733 8663
662 141 744
623 741 4540
742 662 9548
699 742 1429
256 623 1790
47 256 5054
879 256 780
461 47 7926
738 879 294
115 879 6770
76 738 2259
184 115 5881
900 76 444
632 76 1525
231 632 3119
748 632 2600
117 231 9949
410 748 7989
411 117 9180
373 410 5075
336 411 4790
175 411 4526
472 373 7128
675 175 5222
18 675 7300
257 18 797
772 257 8063
706 257 925
177 257 6260
64 706 9680
408 177 3391
687 177 6006
564 64 1267
342 687 2770
391 342 5220
649 342 3901
10 649 9438
991 10 4882
323 649 7660
134 10 2033
786 991 8578
942 134 5709
259 134 1059
99 942 2093
694 99 363
86 259 6526
144 99 3239
148 144 8943
55 86 7224
95 144 9908
852 95 3733
508 95 1524
21 95 9926
33 21 9883
453 21 361
370 21 8425
889 33 9296
824 370 5360
299 889 1776
303 889 1306
576 303 596
549 303 9473
830 549 520
664 576 8837
403 830 1039
98 664 5898
677 403 2541
785 677 9175
87 785 5102
349 677 584
361 349 317
617 349 1884
523 349 4558
491 361 2536
136 491 9045
147 491 5139
823 136 396
869 136 1400
515 869 1265
765 869 4999
393 515 4293
798 393 948
208 393 9534
975 393 6006
415 975 5510
886 975 4457
309 415 8154
75 415 3421
352 309 4124
671 352 9268
963 75 1634
648 671 6392
829 648 2884
561 963 8835
335 648 4274
252 561 4725
135 335 4796
535 335 4194
512 252 4359
906 535 4001
58 512 4463
936 512 7022
890 58 6256
139 936 1337
663 139 3915
289 890 7525
469 663 5479
656 289 8873
394 656 8861
725 469 2771
854 656 8347
350 725 6384
420 725 483
327 350 7669
555 420 4025
65 555 4201
96 327 9864
170 555 5752
511 96 2541
957 511 8594
22 170 1930
858 957 6441
413 957 6773
11 22 9095
226 11 4342
996 11 1558
69 11 1341
437 226 7398
3 437 8218
35 3 3275
431 3 1827
261 3 3997
962 261 5025
612 431 8934
295 612 1219
300 612 726
329 300 6921
278 300 6290
237 329 9691
516 237 5329
100 278 4336
864 516 5310
790 864 7463
427 790 4314
459 427 6881
552 427 6630
132 552 4772
279 459 4493
340 132 6027
621 279 4040
262 279 4673
318 621 6104
505 318 4873
272 505 4384
363 318 8473
450 505 9623
929 450 7753
965 363 6970
46 929 6393
941 46 1785
265 965 7929
110 265 8822
365 110 7919
920 110 9433
172 920 644
955 920 8414
719 172 2647
966 172 9317
964 966 1897
239 964 4513
287 239 63
691 964 4842
42 287 5139
726 287 4827
756 42 1459
212 42 8996
953 212 9297
222 953 873
641 212 6513
66 953 3506
498 66 9550
789 498 4937
635 789 7525
357 635 9679
73 357 4921
705 357 6887
732 357 2349
153 705 7368
569 705 8925
577 732 2576
874 577 8758
178 569 9788
319 178 1433
637 874 2929
960 178 5612
766 960 8694
344 637 7000
622 960 7432
974 622 4460
4 974 9140
678 974 9113
201 4 8881
467 201 8628
179 201 8371
215 179 8776
872 215 9577
683 872 673
455 683 4288
441 872 513
813 455 6013
111 813 4047
235 813 7863
832 111 4419
593 111 8715
72 235 6715
531 72 8711
518 593 521
440 518 6991
714 440 1379
218 440 1595
471 218 8946
233 471 470
720 218 7828
642 233 3568
947 720 1642
588 947 9389
831 947 3290
654 947 5637
604 588 8830
213 831 1730
45 213 4098
980 604 4053
591 213 602
88 591 8593
751 591 9307
539 88 846
943 539 925
322 943 5367
891 322 1663
927 322 4989
127 322 7283
29 127 7730
643 29 7581
291 127 4062
544 643 5369
933 291 4702
451 933 8930
609 544 8000
682 933 4587
981 451 8488
582 981 6714
839 582 8926
681 839 5320
162 839 4445
368 681 5571
594 368 9622
708 594 7004
337 368 2123
880 337 9337
749 708 4116
1000 749 5524
124 1000 4222
284 124 2714
618 1000 8855
382 618 1229
228 382 8515
458 382 7714
525 228 8762
651 458 8211
92 651 8759
51 651 2815
97 51 363
90 51 6981
285 90 9000
821 97 3677
376 90 7846
814 376 4431
851 376 402
242 814 6074
565 242 4042
19 851 3742
761 19 706
735 565 3970
185 761 7746
297 761 7439
406 735 4773
951 185 6787
744 406 5516
280 406 1375
873 951 4041
501 280 6729
723 280 7109
269 723 7227
428 269 5178
731 269 3282
217 731 2809
328 428 3776
9 328 5205
433 328 2362
473 328 9686
16 433 3547
485 433 8136
50 473 1695
625 50 7033
293 50 825
227 293 5503
493 625 8078
728 227 4895
878 728 8167
993 493 1431
210 878 370
298 993 4405
102 210 8258
41 102 8509
538 298 1659
320 41 5559
912 41 1735
788 538 7070
793 320 2628
944 793 5107
613 944 1315
481 793 7240
283 481 8442
771 283 8470
240 771 5155
548 240 2039
930 548 6955
984 548 5309
446 548 2228
610 930 7993
270 446 7924
563 270 116
958 610 1667
447 270 6409
919 447 2097
465 447 7977
774 465 3549
238 465 9334
970 465 3759
140 238 5417
275 970 7792
848 275 2653
253 848 2780
468 275 3889
639 253 6455
967 253 1097
842 639 7221
424 967 3517
835 967 368
659 835 7145
490 424 6070
248 659 8603
925 659 2568
976 490 5513
627 976 8268
647 976 5768
138 647 4044
483 627 6022
281 138 9349
78 138 6561
48 281 4089
310 78 1613
537 78 6494
497 310 2211
940 537 6557
692 497 1212
652 940 6051
859 940 7050
952 692 1779
220 652 8751
241 220 3570
476 241 4212
926 476 5337
655 476 4211
509 926 6343
462 509 814
321 462 7660
845 321 2390
1 321 9040
254 321 4532
556 845 3610
834 556 6020
990 556 8137
84 556 1685
816 990 750
614 84 3722
273 614 6543
971 273 2732
600 971 5926
580 971 917
596 580 8033
589 600 5831
923 580 8624
182 596 8163
746 923 5513
615 182 2466
474 746 6535
286 615 5392
633 286 7479
866 286 3516
209 633 3833
243 633 6921
484 209 6021
905 243 4192
611 243 4596
101 611 8203
198 611 7683
661 198 9980
189 661 6675
362 198 8068
244 661 2859
294 362 4348
575 362 7013
79 575 3968
510 79 1933
703 510 4559
799 510 661
430 510 5660
5 430 8884
62 799 6928
38 5 2898
961 5 8822
860 38 6797
507 860 4333
684 507 7927
345 507 9610
409 684 3494
545 684 6627
514 545 50
159 545 9221
802 545 7531
862 159 6766
317 159 7345
968 317 7508
806 968 3962
137 317 6509
489 806 7728
82 806 3012
551 489 591
921 82 1723
698 551 1947
466 698 6515
755 698 5240
2 755 2230
658 755 849
7 658 2141
931 658 3074
263 7 4794
354 931 7981
583 931 1600
183 354 3673
949 583 4037
557 183 5102
519 183 6295
780 949 3210
339 557 2277
546 519 8495
562 546 9873
271 562 3283
532 546 7604
587 532 1839
197 587 7434
223 197 1825
230 587 7010
924 230 9690
887 230 5376
513 230 4080
371 887 2379
53 887 2108
597 53 6142
809 597 813
360 597 8827
669 597 5444
372 360 8003
475 372 982
938 372 3856
27 372 4509
978 938 3451
727 938 9000
634 27 3478
907 634 2038
142 727 8100
316 907 6655
884 316 5212
343 884 107
972 343 3610
