100
-201 244 -293 -177 -284 -166 395 -13 378 -47 171 282 107 -38 379 -217 -112 -421 -375 334 -109 -442 430 456 388 67 223 -314 122 176 343 226 248 -303 227 -398 -29 427 -226 -10 57 485 -163 -163 -84 88 430 34 -138 166 373 -251 -273 -70 215 311 205 -138 451 -266 316 251 5 186 318 180 428 295 53 52 -177 140 -417 -391 -60 131 -336 377 -423 474 -314 116 -401 -134 -487 370 123 134 274 -177 494 -139 -242 275 424 -396 -470 399 16 -322 
100
1 9 86 3
0 8 471
0 36 170
0 57 -409
0 73 -385
0 87 278
1 73 83 17
1 53 67 5
0 90 356
0 77 -122
1 82 92 5
1 18 73 14
0 10 -429
1 16 18 12
1 32 33 11
0 59 -169
0 48 -125
1 42 64 11
0 31 449
1 3 13 14
1 33 83 12
0 57 282
0 82 -477
1 28 81 15
1 12 30 0
1 56 80 19
1 64 72 19
1 63 68 14
1 43 66 10
0 82 41
0 55 227
0 28 67
1 63 90 8
0 3 21
0 73 -309
0 62 -14
0 32 477
0 49 221
1 1 67 0
1 57 94 12
1 11 66 10
1 59 84 10
1 40 97 10
0 57 -192
1 6 77 0
1 7 34 6
0 94 -476
1 48 50 5
1 21 81 18
1 6 58 20
1 40 58 14
0 20 294
0 9 -453
0 95 94
1 42 49 3
1 65 87 13
0 66 -92
0 7 199
1 59 73 18
0 73 220
1 30 92 2
1 1 92 0
1 50 85 7
1 1 100 12
1 7 55 14
1 23 68 18
1 34 64 17
1 47 51 1
0 33 -8
0 75 331
0 82 142
0 7 -491
1 40 93 20
0 67 273
0 1 306
0 1 -344
1 50 74 12
1 38 77 16
1 11 29 6
1 71 97 13
0 38 -70
0 52 148
0 39 469
0 20 62
0 87 -93
0 49 -299
1 14 56 1
1 50 91 3
0 62 -442
1 17 85 1
0 25 -271
0 70 428
0 80 171
1 22 24 3
1 35 87 10
0 66 78
0 49 -367
1 61 76 1
1 92 94 18
0 61 337
